2 1 0 20 0.02 0 0.262799 -0.256749 0.262799 -0.256749 0 0 0 0 
2 1 0 19.998 0.02 0 0.26279 -0.256741 0.26279 -0.256741 5.17868e+19 0 24.4579 0 
2 1 0 19.996 0.02 0 0.262781 -0.256732 0.262781 -0.256732 5.17996e+19 0 24.4552 0 
2 1 0 19.992 0.02 0 0.262763 -0.256716 0.262763 -0.256716 5.18252e+19 0 24.4498 0 
2 1 0 19.984 0.02 0 0.262727 -0.256682 0.262727 -0.256682 5.18765e+19 0 24.4389 0 
2 1 0 19.968 0.02 0 0.262654 -0.256614 0.262654 -0.256614 5.19793e+19 0 24.4172 0 
2 1 0 19.936 0.02 0 0.262509 -0.256479 0.262509 -0.256479 5.21856e+19 0 24.3738 0 
2 1 0 19.886 0.02 0 0.262282 -0.256267 0.262282 -0.256267 5.251e+19 0 24.306 0 
2 1 0 19.836 0.02 0 0.262054 -0.256055 0.262054 -0.256055 5.28369e+19 0 24.2383 0 
2 1 0 19.786 0.02 0 0.261826 -0.255843 0.261826 -0.255843 5.31664e+19 0 24.1706 0 
2 1 0 19.736 0.02 0 0.261597 -0.255629 0.261597 -0.255629 5.34984e+19 0 24.103 0 
2 1 0 19.686 0.02 0 0.261367 -0.255415 0.261367 -0.255415 5.38329e+19 0 24.0355 0 
2 1 0 19.636 0.02 0 0.261137 -0.255201 0.261137 -0.255201 5.41701e+19 0 23.9681 0 
2 1 0 19.586 0.02 0 0.260906 -0.254986 0.260906 -0.254986 5.451e+19 0 23.9007 0 
2 1 0 19.536 0.02 0 0.260675 -0.254771 0.260675 -0.254771 5.48524e+19 0 23.8334 0 
2 1 0 19.486 0.02 0 0.260444 -0.254555 0.260444 -0.254555 5.51976e+19 0 23.7662 0 
2 1 0 19.436 0.02 0 0.260211 -0.254338 0.260211 -0.254338 5.55454e+19 0 23.6991 0 
2 1 0 19.386 0.02 0 0.259978 -0.254121 0.259978 -0.254121 5.5896e+19 0 23.632 0 
2 1 0 19.336 0.02 0 0.259745 -0.253904 0.259745 -0.253904 5.62493e+19 0 23.565 0 
2 1 0 19.286 0.02 0 0.259511 -0.253685 0.259511 -0.253685 5.66055e+19 0 23.4981 0 
2 1 0 19.236 0.02 0 0.259276 -0.253467 0.259276 -0.253467 5.69644e+19 0 23.4313 0 
2 1 0 19.186 0.02 0 0.259041 -0.253247 0.259041 -0.253247 5.73261e+19 0 23.3645 0 
2 1 0 19.136 0.02 0 0.258806 -0.253027 0.258806 -0.253027 5.76908e+19 0 23.2978 0 
2 1 0 19.086 0.02 0 0.258569 -0.252807 0.258569 -0.252807 5.80583e+19 0 23.2312 0 
2 1 0 19.036 0.02 0 0.258332 -0.252586 0.258332 -0.252586 5.84287e+19 0 23.1646 0 
2 1 0 18.986 0.02 0 0.258095 -0.252364 0.258095 -0.252364 5.88021e+19 0 23.0981 0 
2 1 0 18.936 0.02 0 0.257857 -0.252142 0.257857 -0.252142 5.91784e+19 0 23.0317 0 
2 1 0 18.886 0.02 0 0.257618 -0.251919 0.257618 -0.251919 5.95577e+19 0 22.9654 0 
2 1 0 18.836 0.02 0 0.257379 -0.251696 0.257379 -0.251696 5.99401e+19 0 22.8991 0 
2 1 0 18.786 0.02 0 0.257139 -0.251472 0.257139 -0.251472 6.03256e+19 0 22.8329 0 
2 1 0 18.736 0.02 0 0.256899 -0.251247 0.256899 -0.251247 6.07141e+19 0 22.7668 0 
2 1 0 18.686 0.02 0 0.256657 -0.251022 0.256657 -0.251022 6.11057e+19 0 22.7008 0 
2 1 0 18.636 0.02 0 0.256416 -0.250796 0.256416 -0.250796 6.15005e+19 0 22.6348 0 
2 1 0 18.586 0.02 0 0.256173 -0.25057 0.256173 -0.25057 6.18985e+19 0 22.5689 0 
2 1 0 18.536 0.02 0 0.255931 -0.250343 0.255931 -0.250343 6.22996e+19 0 22.5031 0 
2 1 0 18.486 0.02 0 0.255687 -0.250115 0.255687 -0.250115 6.2704e+19 0 22.4373 0 
2 1 0 18.436 0.02 0 0.255443 -0.249887 0.255443 -0.249887 6.31117e+19 0 22.3716 0 
2 1 0 18.386 0.02 0 0.255198 -0.249658 0.255198 -0.249658 6.35227e+19 0 22.306 0 
2 1 0 18.336 0.02 0 0.254953 -0.249429 0.254953 -0.249429 6.3937e+19 0 22.2405 0 
2 1 0 18.286 0.02 0 0.254707 -0.249199 0.254707 -0.249199 6.43547e+19 0 22.175 0 
2 1 0 18.236 0.02 0 0.25446 -0.248968 0.25446 -0.248968 6.47758e+19 0 22.1096 0 
2 1 0 18.186 0.02 0 0.254213 -0.248737 0.254213 -0.248737 6.52004e+19 0 22.0443 0 
2 1 0 18.136 0.02 0 0.253965 -0.248505 0.253965 -0.248505 6.56284e+19 0 21.9791 0 
2 1 0 18.086 0.02 0 0.253716 -0.248272 0.253716 -0.248272 6.60599e+19 0 21.9139 0 
2 1 0 18.036 0.02 0 0.253467 -0.248039 0.253467 -0.248039 6.64949e+19 0 21.8488 0 
2 1 0 17.986 0.02 0 0.253217 -0.247805 0.253217 -0.247805 6.69336e+19 0 21.7838 0 
2 1 0 17.936 0.02 0 0.252966 -0.24757 0.252966 -0.24757 6.73758e+19 0 21.7188 0 
2 1 0 17.886 0.02 0 0.252715 -0.247335 0.252715 -0.247335 6.78217e+19 0 21.6539 0 
2 1 0 17.836 0.02 0 0.252463 -0.247099 0.252463 -0.247099 6.82712e+19 0 21.5891 0 
2 1 0 17.786 0.02 0 0.252211 -0.246863 0.252211 -0.246863 6.87245e+19 0 21.5244 0 
2 1 0 17.736 0.02 0 0.251958 -0.246626 0.251958 -0.246626 6.91815e+19 0 21.4597 0 
2 1 0 17.686 0.02 0 0.251704 -0.246388 0.251704 -0.246388 6.96423e+19 0 21.3951 0 
2 1 0 17.6361 0.02 0 0.251449 -0.24615 0.251449 -0.24615 7.0107e+19 0 21.3306 0 
2 1 0 17.5861 0.02 0 0.251194 -0.245911 0.251194 -0.245911 7.05755e+19 0 21.2662 0 
2 1 0 17.5361 0.02 0 0.250938 -0.245671 0.250938 -0.245671 7.10479e+19 0 21.2018 0 
2 1 0 17.4861 0.02 0 0.250681 -0.24543 0.250681 -0.24543 7.15243e+19 0 21.1375 0 
2 1 0 17.4361 0.02 0 0.250424 -0.245189 0.250424 -0.245189 7.20047e+19 0 21.0733 0 
2 1 0 17.3861 0.02 0 0.250166 -0.244947 0.250166 -0.244947 7.24891e+19 0 21.0091 0 
2 1 0 17.3361 0.02 0 0.249907 -0.244705 0.249907 -0.244705 7.29775e+19 0 20.945 0 
2 1 0 17.2861 0.02 0 0.249648 -0.244462 0.249648 -0.244462 7.34701e+19 0 20.881 0 
2 1 0 17.2361 0.02 0 0.249388 -0.244218 0.249388 -0.244218 7.39668e+19 0 20.8171 0 
2 1 0 17.1861 0.02 0 0.249127 -0.243973 0.249127 -0.243973 7.44677e+19 0 20.7532 0 
2 1 0 17.1361 0.02 0 0.248866 -0.243728 0.248866 -0.243728 7.49729e+19 0 20.6894 0 
2 1 0 17.0861 0.02 0 0.248603 -0.243482 0.248603 -0.243482 7.54823e+19 0 20.6257 0 
2 1 0 17.0361 0.02 0 0.248341 -0.243235 0.248341 -0.243235 7.59961e+19 0 20.562 0 
2 1 0 16.9861 0.02 0 0.248077 -0.242988 0.248077 -0.242988 7.65142e+19 0 20.4984 0 
2 1 0 16.9361 0.02 0 0.247812 -0.24274 0.247812 -0.24274 7.70367e+19 0 20.4349 0 
2 1 0 16.8861 0.02 0 0.247547 -0.242491 0.247547 -0.242491 7.75637e+19 0 20.3715 0 
2 1 0 16.8361 0.02 0 0.247281 -0.242241 0.247281 -0.242241 7.80952e+19 0 20.3081 0 
2 1 0 16.7861 0.02 0 0.247015 -0.241991 0.247015 -0.241991 7.86312e+19 0 20.2448 0 
2 1 0 16.7361 0.02 0 0.246748 -0.24174 0.246748 -0.24174 7.91719e+19 0 20.1816 0 
2 1 0 16.6861 0.02 0 0.246479 -0.241488 0.246479 -0.241488 7.97172e+19 0 20.1185 0 
2 1 0 16.6361 0.02 0 0.246211 -0.241236 0.246211 -0.241236 8.02671e+19 0 20.0554 0 
2 1 0 16.5861 0.02 0 0.245941 -0.240982 0.245941 -0.240982 8.08219e+19 0 19.9924 0 
2 1 0 16.5361 0.02 0 0.245671 -0.240728 0.245671 -0.240728 8.13814e+19 0 19.9294 0 
2 1 0 16.4861 0.02 0 0.245399 -0.240473 0.245399 -0.240473 8.19457e+19 0 19.8666 0 
2 1 0 16.4361 0.02 0 0.245128 -0.240218 0.245128 -0.240218 8.2515e+19 0 19.8038 0 
2 1 0 16.3861 0.02 0 0.244855 -0.239962 0.244855 -0.239962 8.30892e+19 0 19.7411 0 
2 1 0 16.3361 0.02 0 0.244581 -0.239705 0.244581 -0.239705 8.36683e+19 0 19.6784 0 
2 1 0 16.2861 0.02 0 0.244307 -0.239447 0.244307 -0.239447 8.42526e+19 0 19.6159 0 
2 1 0 16.2361 0.02 0 0.244032 -0.239188 0.244032 -0.239188 8.48419e+19 0 19.5534 0 
2 1 0 16.1861 0.02 0 0.243756 -0.238929 0.243756 -0.238929 8.54364e+19 0 19.4909 0 
2 1 0 16.1361 0.02 0 0.24348 -0.238668 0.24348 -0.238668 8.60361e+19 0 19.4286 0 
2 1 0 16.0861 0.02 0 0.243202 -0.238407 0.243202 -0.238407 8.6641e+19 0 19.3663 0 
2 1 0 16.0361 0.02 0 0.242924 -0.238146 0.242924 -0.238146 8.72513e+19 0 19.3041 0 
2 1 0 15.9861 0.02 0 0.242645 -0.237883 0.242645 -0.237883 8.7867e+19 0 19.2419 0 
2 1 0 15.9361 0.02 0 0.242365 -0.23762 0.242365 -0.23762 8.8488e+19 0 19.1799 0 
2 1 0 15.8861 0.02 0 0.242085 -0.237356 0.242085 -0.237356 8.91146e+19 0 19.1179 0 
2 1 0 15.8361 0.02 0 0.241803 -0.237091 0.241803 -0.237091 8.97467e+19 0 19.0559 0 
2 1 0 15.7861 0.02 0 0.241521 -0.236825 0.241521 -0.236825 9.03845e+19 0 18.9941 0 
2 1 0 15.7361 0.02 0 0.241238 -0.236558 0.241238 -0.236558 9.10279e+19 0 18.9323 0 
2 1 0 15.6861 0.02 0 0.240954 -0.236291 0.240954 -0.236291 9.1677e+19 0 18.8706 0 
2 1 0 15.6361 0.02 0 0.240669 -0.236022 0.240669 -0.236022 9.2332e+19 0 18.8089 0 
2 1 0 15.5861 0.02 0 0.240383 -0.235753 0.240383 -0.235753 9.29927e+19 0 18.7474 0 
2 1 0 15.5361 0.02 0 0.240097 -0.235483 0.240097 -0.235483 9.36595e+19 0 18.6859 0 
2 1 0 15.4861 0.02 0 0.239809 -0.235212 0.239809 -0.235212 9.43321e+19 0 18.6244 0 
2 1 0 15.4361 0.02 0 0.239521 -0.234941 0.239521 -0.234941 9.50109e+19 0 18.5631 0 
2 1 0 15.3861 0.02 0 0.239232 -0.234668 0.239232 -0.234668 9.56957e+19 0 18.5018 0 
2 1 0 15.3361 0.02 0 0.238942 -0.234395 0.238942 -0.234395 9.63867e+19 0 18.4406 0 
2 1 0 15.2861 0.02 0 0.238651 -0.23412 0.238651 -0.23412 9.7084e+19 0 18.3794 0 
2 1 0 15.2361 0.02 0 0.238359 -0.233845 0.238359 -0.233845 9.77876e+19 0 18.3184 0 
2 1 0 15.1861 0.02 0 0.238067 -0.233569 0.238067 -0.233569 9.84976e+19 0 18.2574 0 
2 1 0 15.1361 0.02 0 0.237773 -0.233292 0.237773 -0.233292 9.9214e+19 0 18.1964 0 
2 1 0 15.0861 0.02 0 0.237479 -0.233015 0.237479 -0.233015 9.9937e+19 0 18.1356 0 
2 1 0 15.0361 0.02 0 0.237183 -0.232736 0.237183 -0.232736 1.00667e+20 0 18.0748 0 
2 1 0 14.9861 0.02 0 0.236887 -0.232456 0.236887 -0.232456 1.01403e+20 0 18.0141 0 
2 1 0 14.9361 0.02 0 0.23659 -0.232176 0.23659 -0.232176 1.02146e+20 0 17.9534 0 
2 1 0 14.8861 0.02 0 0.236292 -0.231894 0.236292 -0.231894 1.02895e+20 0 17.8929 0 
2 1 0 14.8361 0.02 0 0.235993 -0.231612 0.235993 -0.231612 1.03652e+20 0 17.8324 0 
2 1 0 14.7861 0.02 0 0.235693 -0.231329 0.235693 -0.231329 1.04416e+20 0 17.7719 0 
2 1 0 14.7361 0.02 0 0.235392 -0.231044 0.235392 -0.231044 1.05187e+20 0 17.7116 0 
2 1 0 14.6861 0.02 0 0.23509 -0.230759 0.23509 -0.230759 1.05964e+20 0 17.6513 0 
2 1 0 14.6361 0.02 0 0.234787 -0.230473 0.234787 -0.230473 1.06749e+20 0 17.5911 0 
2 1 0 14.5861 0.02 0 0.234484 -0.230186 0.234484 -0.230186 1.07542e+20 0 17.5309 0 
2 1 0 14.5361 0.02 0 0.234179 -0.229898 0.234179 -0.229898 1.08341e+20 0 17.4709 0 
2 1 0 14.4861 0.02 0 0.233873 -0.229609 0.233873 -0.229609 1.09149e+20 0 17.4109 0 
2 1 0 14.4361 0.02 0 0.233567 -0.229319 0.233567 -0.229319 1.09963e+20 0 17.3509 0 
2 1 0 14.3861 0.02 0 0.233259 -0.229029 0.233259 -0.229029 1.10785e+20 0 17.2911 0 
2 1 0 14.3361 0.02 0 0.23295 -0.228737 0.23295 -0.228737 1.11616e+20 0 17.2313 0 
2 1 0 14.2862 0.02 0 0.232641 -0.228444 0.232641 -0.228444 1.12453e+20 0 17.1716 0 
2 1 0 14.2362 0.02 0 0.23233 -0.22815 0.23233 -0.22815 1.13299e+20 0 17.1119 0 
2 1 0 14.1862 0.02 0 0.232019 -0.227855 0.232019 -0.227855 1.14153e+20 0 17.0523 0 
2 1 0 14.1362 0.02 0 0.231706 -0.227559 0.231706 -0.227559 1.15014e+20 0 16.9928 0 
2 1 0 14.0862 0.02 0 0.231392 -0.227263 0.231392 -0.227263 1.15884e+20 0 16.9334 0 
2 1 0 14.0362 0.02 0 0.231078 -0.226965 0.231078 -0.226965 1.16762e+20 0 16.874 0 
2 1 0 13.9862 0.02 0 0.230762 -0.226666 0.230762 -0.226666 1.17649e+20 0 16.8147 0 
2 1 0 13.9362 0.02 0 0.230445 -0.226366 0.230445 -0.226366 1.18544e+20 0 16.7555 0 
2 1 0 13.8862 0.02 0 0.230127 -0.226065 0.230127 -0.226065 1.19447e+20 0 16.6963 0 
2 1 0 13.8362 0.02 0 0.229808 -0.225763 0.229808 -0.225763 1.20359e+20 0 16.6373 0 
2 1 0 13.7862 0.02 0 0.229489 -0.22546 0.229489 -0.22546 1.2128e+20 0 16.5782 0 
2 1 0 13.7362 0.02 0 0.229168 -0.225156 0.229168 -0.225156 1.2221e+20 0 16.5193 0 
2 1 0 13.6862 0.02 0 0.228845 -0.224851 0.228845 -0.224851 1.23148e+20 0 16.4604 0 
2 1 0 13.6362 0.02 0 0.228522 -0.224544 0.228522 -0.224544 1.24096e+20 0 16.4016 0 
2 1 0 13.5862 0.02 0 0.228198 -0.224237 0.228198 -0.224237 1.25053e+20 0 16.3429 0 
2 1 0 13.5362 0.02 0 0.227873 -0.223929 0.227873 -0.223929 1.26019e+20 0 16.2842 0 
2 1 0 13.4862 0.02 0 0.227546 -0.223619 0.227546 -0.223619 1.26994e+20 0 16.2257 0 
2 1 0 13.4362 0.02 0 0.227219 -0.223308 0.227219 -0.223308 1.27979e+20 0 16.1671 0 
2 1 0 13.3862 0.02 0 0.22689 -0.222997 0.22689 -0.222997 1.28974e+20 0 16.1087 0 
2 1 0 13.3362 0.02 0 0.22656 -0.222684 0.22656 -0.222684 1.29978e+20 0 16.0503 0 
2 1 0 13.2862 0.02 0 0.226229 -0.22237 0.226229 -0.22237 1.30992e+20 0 15.992 0 
2 1 0 13.2362 0.02 0 0.225897 -0.222055 0.225897 -0.222055 1.32016e+20 0 15.9338 0 
2 1 0 13.1862 0.02 0 0.225564 -0.221739 0.225564 -0.221739 1.3305e+20 0 15.8756 0 
2 1 0 13.1362 0.02 0 0.22523 -0.221421 0.22523 -0.221421 1.34094e+20 0 15.8175 0 
2 1 0 13.0862 0.02 0 0.224894 -0.221103 0.224894 -0.221103 1.35148e+20 0 15.7595 0 
2 1 0 13.0362 0.02 0 0.224557 -0.220783 0.224557 -0.220783 1.36213e+20 0 15.7015 0 
2 1 0 12.9862 0.02 0 0.22422 -0.220462 0.22422 -0.220462 1.37289e+20 0 15.6436 0 
2 1 0 12.9362 0.02 0 0.22388 -0.22014 0.22388 -0.22014 1.38375e+20 0 15.5858 0 
2 1 0 12.8862 0.02 0 0.22354 -0.219817 0.22354 -0.219817 1.39471e+20 0 15.5281 0 
2 1 0 12.8362 0.02 0 0.223199 -0.219492 0.223199 -0.219492 1.40579e+20 0 15.4704 0 
2 1 0 12.7862 0.02 0 0.222856 -0.219167 0.222856 -0.219167 1.41698e+20 0 15.4128 0 
2 1 0 12.7362 0.02 0 0.222512 -0.21884 0.222512 -0.21884 1.42828e+20 0 15.3553 0 
2 1 0 12.6862 0.02 0 0.222167 -0.218512 0.222167 -0.218512 1.43969e+20 0 15.2978 0 
2 1 0 12.6362 0.02 0 0.22182 -0.218182 0.22182 -0.218182 1.45122e+20 0 15.2404 0 
2 1 0 12.5862 0.02 0 0.221473 -0.217852 0.221473 -0.217852 1.46286e+20 0 15.1831 0 
2 1 0 12.5362 0.02 0 0.221124 -0.21752 0.221124 -0.21752 1.47462e+20 0 15.1258 0 
2 1 0 12.4862 0.02 0 0.220774 -0.217187 0.220774 -0.217187 1.4865e+20 0 15.0687 0 
2 1 0 12.4362 0.02 0 0.220422 -0.216852 0.220422 -0.216852 1.4985e+20 0 15.0115 0 
2 1 0 12.3862 0.02 0 0.22007 -0.216517 0.22007 -0.216517 1.51062e+20 0 14.9545 0 
2 1 0 12.3362 0.02 0 0.219716 -0.21618 0.219716 -0.21618 1.52287e+20 0 14.8975 0 
2 1 0 12.2862 0.02 0 0.21936 -0.215842 0.21936 -0.215842 1.53524e+20 0 14.8406 0 
2 1 0 12.2362 0.02 0 0.219004 -0.215502 0.219004 -0.215502 1.54773e+20 0 14.7838 0 
2 1 0 12.1862 0.02 0 0.218646 -0.215161 0.218646 -0.215161 1.56036e+20 0 14.727 0 
2 1 0 12.1362 0.02 0 0.218286 -0.214819 0.218286 -0.214819 1.57311e+20 0 14.6703 0 
2 1 0 12.0862 0.02 0 0.217926 -0.214476 0.217926 -0.214476 1.586e+20 0 14.6137 0 
2 1 0 12.0362 0.02 0 0.217564 -0.214131 0.217564 -0.214131 1.59901e+20 0 14.5571 0 
2 1 0 11.9862 0.02 0 0.2172 -0.213785 0.2172 -0.213785 1.61216e+20 0 14.5007 0 
2 1 0 11.9363 0.02 0 0.216835 -0.213437 0.216835 -0.213437 1.62545e+20 0 14.4442 0 
2 1 0 11.8863 0.02 0 0.216469 -0.213088 0.216469 -0.213088 1.63887e+20 0 14.3879 0 
2 1 0 11.8363 0.02 0 0.216102 -0.212738 0.216102 -0.212738 1.65244e+20 0 14.3316 0 
2 1 0 11.7863 0.02 0 0.215733 -0.212386 0.215733 -0.212386 1.66614e+20 0 14.2754 0 
2 1 0 11.7363 0.02 0 0.215362 -0.212033 0.215362 -0.212033 1.67999e+20 0 14.2193 0 
2 1 0 11.6863 0.02 0 0.214991 -0.211678 0.214991 -0.211678 1.69398e+20 0 14.1632 0 
2 1 0 11.6363 0.02 0 0.214617 -0.211322 0.214617 -0.211322 1.70812e+20 0 14.1072 0 
2 1 0 11.5863 0.02 0 0.214243 -0.210965 0.214243 -0.210965 1.72241e+20 0 14.0513 0 
2 1 0 11.5363 0.02 0 0.213867 -0.210606 0.213867 -0.210606 1.73685e+20 0 13.9954 0 
2 1 0 11.4863 0.02 0 0.213489 -0.210246 0.213489 -0.210246 1.75144e+20 0 13.9396 0 
2 1 0 11.4363 0.02 0 0.21311 -0.209884 0.21311 -0.209884 1.76618e+20 0 13.8839 0 
2 1 0 11.3863 0.02 0 0.212729 -0.20952 0.212729 -0.20952 1.78108e+20 0 13.8282 0 
2 1 0 11.3363 0.02 0 0.212347 -0.209156 0.212347 -0.209156 1.79614e+20 0 13.7727 0 
2 1 0 11.2863 0.02 0 0.211964 -0.208789 0.211964 -0.208789 1.81136e+20 0 13.7171 0 
2 1 0 11.2363 0.02 0 0.211579 -0.208421 0.211579 -0.208421 1.82674e+20 0 13.6617 0 
2 1 0 11.1863 0.02 0 0.211192 -0.208052 0.211192 -0.208052 1.84228e+20 0 13.6063 0 
2 1 0 11.1363 0.02 0 0.210804 -0.207681 0.210804 -0.207681 1.85799e+20 0 13.551 0 
2 1 0 11.0863 0.02 0 0.210414 -0.207309 0.210414 -0.207309 1.87387e+20 0 13.4958 0 
2 1 0 11.0363 0.02 0 0.210023 -0.206935 0.210023 -0.206935 1.88993e+20 0 13.4406 0 
2 1 0 10.9863 0.02 0 0.20963 -0.206559 0.20963 -0.206559 1.90615e+20 0 13.3855 0 
2 1 0 10.9363 0.02 0 0.209235 -0.206182 0.209235 -0.206182 1.92255e+20 0 13.3305 0 
2 1 0 10.8863 0.02 0 0.208839 -0.205803 0.208839 -0.205803 1.93912e+20 0 13.2755 0 
2 1 0 10.8363 0.02 0 0.208441 -0.205422 0.208441 -0.205422 1.95588e+20 0 13.2206 0 
2 1 0 10.7863 0.02 0 0.208042 -0.20504 0.208042 -0.20504 1.97282e+20 0 13.1658 0 
2 1 0 10.7363 0.02 0 0.207641 -0.204656 0.207641 -0.204656 1.98994e+20 0 13.111 0 
2 1 0 10.6863 0.02 0 0.207238 -0.204271 0.207238 -0.204271 2.00725e+20 0 13.0564 0 
2 1 0 10.6363 0.02 0 0.206833 -0.203884 0.206833 -0.203884 2.02475e+20 0 13.0017 0 
2 1 0 10.5863 0.02 0 0.206427 -0.203495 0.206427 -0.203495 2.04244e+20 0 12.9472 0 
2 1 0 10.5363 0.02 0 0.206019 -0.203104 0.206019 -0.203104 2.06033e+20 0 12.8927 0 
2 1 0 10.4863 0.02 0 0.20561 -0.202712 0.20561 -0.202712 2.07841e+20 0 12.8383 0 
2 1 0 10.4363 0.02 0 0.205198 -0.202318 0.205198 -0.202318 2.09669e+20 0 12.784 0 
2 1 0 10.3863 0.02 0 0.204785 -0.201922 0.204785 -0.201922 2.11518e+20 0 12.7297 0 
2 1 0 10.3363 0.02 0 0.20437 -0.201525 0.20437 -0.201525 2.13387e+20 0 12.6755 0 
2 1 0 10.2863 0.02 0 0.203954 -0.201126 0.203954 -0.201126 2.15276e+20 0 12.6213 0 
2 1 0 10.2364 0.02 0 0.203535 -0.200725 0.203535 -0.200725 2.17187e+20 0 12.5673 0 
2 1 0 10.1864 0.02 0 0.203115 -0.200322 0.203115 -0.200322 2.19119e+20 0 12.5133 0 
2 1 0 10.1364 0.02 0 0.202693 -0.199917 0.202693 -0.199917 2.21073e+20 0 12.4593 0 
2 1 0 10.0864 0.02 0 0.202269 -0.19951 0.202269 -0.19951 2.23049e+20 0 12.4055 0 
2 1 0 10.0364 0.02 0 0.201843 -0.199102 0.201843 -0.199102 2.25047e+20 0 12.3517 0 
2 1 0 9.98637 0.02 0 0.201415 -0.198692 0.201415 -0.198692 2.27067e+20 0 12.298 0 
2 1 0 9.93637 0.02 0 0.200986 -0.198279 0.200986 -0.198279 2.29111e+20 0 12.2443 0 
2 1 0 9.88638 0.02 0 0.200554 -0.197865 0.200554 -0.197865 2.31177e+20 0 12.1907 0 
2 1 0 9.83638 0.02 0 0.200121 -0.197449 0.200121 -0.197449 2.33267e+20 0 12.1372 0 
2 1 0 9.78638 0.02 0 0.199685 -0.197031 0.199685 -0.197031 2.35381e+20 0 12.0837 0 
2 1 0 9.73639 0.02 0 0.199248 -0.196611 0.199248 -0.196611 2.37519e+20 0 12.0303 0 
2 1 0 9.68639 0.02 0 0.198809 -0.196189 0.198809 -0.196189 2.39681e+20 0 11.977 0 
2 1 0 9.63639 0.02 0 0.198367 -0.195765 0.198367 -0.195765 2.41868e+20 0 11.9238 0 
2 1 0 9.5864 0.02 0 0.197924 -0.195339 0.197924 -0.195339 2.4408e+20 0 11.8706 0 
2 1 0 9.5364 0.02 0 0.197478 -0.194911 0.197478 -0.194911 2.46318e+20 0 11.8175 0 
2 1 0 9.48641 0.02 0 0.197031 -0.194481 0.197031 -0.194481 2.48581e+20 0 11.7644 0 
2 1 0 9.43641 0.02 0 0.196581 -0.194049 0.196581 -0.194049 2.50871e+20 0 11.7114 0 
2 1 0 9.38641 0.02 0 0.19613 -0.193615 0.19613 -0.193615 2.53187e+20 0 11.6585 0 
2 1 0 9.33642 0.02 0 0.195676 -0.193179 0.195676 -0.193179 2.5553e+20 0 11.6057 0 
2 1 0 9.28642 0.02 0 0.19522 -0.19274 0.19522 -0.19274 2.579e+20 0 11.5529 0 
2 1 0 9.23642 0.02 0 0.194762 -0.1923 0.194762 -0.1923 2.60298e+20 0 11.5002 0 
2 1 0 9.18643 0.02 0 0.194302 -0.191857 0.194302 -0.191857 2.62724e+20 0 11.4476 0 
2 1 0 9.13643 0.02 0 0.19384 -0.191412 0.19384 -0.191412 2.65179e+20 0 11.395 0 
2 1 0 9.08644 0.02 0 0.193375 -0.190965 0.193375 -0.190965 2.67662e+20 0 11.3425 0 
2 1 0 9.03644 0.02 0 0.192908 -0.190515 0.192908 -0.190515 2.70175e+20 0 11.29 0 
2 1 0 8.98645 0.02 0 0.192439 -0.190063 0.192439 -0.190063 2.72717e+20 0 11.2377 0 
2 1 0 8.93645 0.02 0 0.191968 -0.18961 0.191968 -0.18961 2.75289e+20 0 11.1854 0 
2 1 0 8.88645 0.02 0 0.191494 -0.189153 0.191494 -0.189153 2.77892e+20 0 11.1331 0 
2 1 0 8.83646 0.02 0 0.191018 -0.188695 0.191018 -0.188695 2.80526e+20 0 11.081 0 
2 1 0 8.78646 0.02 0 0.19054 -0.188234 0.19054 -0.188234 2.83191e+20 0 11.0289 0 
2 1 0 8.73647 0.02 0 0.190059 -0.18777 0.190059 -0.18777 2.85888e+20 0 10.9768 0 
2 1 0 8.68647 0.02 0 0.189576 -0.187305 0.189576 -0.187305 2.88618e+20 0 10.9249 0 
2 1 0 8.63648 0.02 0 0.18909 -0.186837 0.18909 -0.186837 2.9138e+20 0 10.8729 0 
2 1 0 8.58648 0.02 0 0.188602 -0.186366 0.188602 -0.186366 2.94175e+20 0 10.8211 0 
2 1 0 8.53649 0.02 0 0.188112 -0.185893 0.188112 -0.185893 2.97004e+20 0 10.7693 0 
2 1 0 8.48649 0.02 0 0.187619 -0.185417 0.187619 -0.185417 2.99868e+20 0 10.7176 0 
2 1 0 8.4365 0.02 0 0.187124 -0.184939 0.187124 -0.184939 3.02766e+20 0 10.666 0 
2 1 0 8.3865 0.02 0 0.186626 -0.184459 0.186626 -0.184459 3.05699e+20 0 10.6144 0 
2 1 0 8.3365 0.02 0 0.186125 -0.183976 0.186125 -0.183976 3.08668e+20 0 10.5629 0 
2 1 0 8.28651 0.02 0 0.185622 -0.18349 0.185622 -0.18349 3.11674e+20 0 10.5115 0 
2 1 0 8.23651 0.02 0 0.185116 -0.183002 0.185116 -0.183002 3.14716e+20 0 10.4601 0 
2 1 0 8.18652 0.02 0 0.184608 -0.182511 0.184608 -0.182511 3.17795e+20 0 10.4088 0 
2 1 0 8.13652 0.02 0 0.184097 -0.182017 0.184097 -0.182017 3.20912e+20 0 10.3576 0 
2 1 0 8.08653 0.02 0 0.183583 -0.181521 0.183583 -0.181521 3.24068e+20 0 10.3064 0 
2 1 0 8.03653 0.02 0 0.183067 -0.181021 0.183067 -0.181021 3.27262e+20 0 10.2553 0 
2 1 0 7.98654 0.02 0 0.182547 -0.18052 0.182547 -0.18052 3.30497e+20 0 10.2043 0 
2 1 0 7.93655 0.02 0 0.182025 -0.180015 0.182025 -0.180015 3.33771e+20 0 10.1533 0 
2 1 0 7.88655 0.02 0 0.1815 -0.179507 0.1815 -0.179507 3.37086e+20 0 10.1024 0 
2 1 0 7.83656 0.02 0 0.180973 -0.178997 0.180973 -0.178997 3.40443e+20 0 10.0516 0 
2 1 0 7.78656 0.02 0 0.180442 -0.178484 0.180442 -0.178484 3.43841e+20 0 10.0008 0 
2 1 0 7.73657 0.02 0 0.179909 -0.177968 0.179909 -0.177968 3.47282e+20 0 9.95009 0 
2 1 0 7.68657 0.02 0 0.179372 -0.177449 0.179372 -0.177449 3.50766e+20 0 9.89944 0 
2 1 0 7.63658 0.02 0 0.178833 -0.176927 0.178833 -0.176927 3.54294e+20 0 9.84887 0 
2 1 0 7.58658 0.02 0 0.178291 -0.176401 0.178291 -0.176401 3.57867e+20 0 9.79836 0 
2 1 0 7.53659 0.02 0 0.177745 -0.175873 0.177745 -0.175873 3.61485e+20 0 9.74791 0 
2 1 0 7.4866 0.02 0 0.177197 -0.175342 0.177197 -0.175342 3.65148e+20 0 9.69753 0 
2 1 0 7.4366 0.02 0 0.176645 -0.174808 0.176645 -0.174808 3.68859e+20 0 9.64722 0 
2 1 0 7.38661 0.02 0 0.17609 -0.17427 0.17609 -0.17427 3.72616e+20 0 9.59697 0 
2 1 0 7.33661 0.02 0 0.175532 -0.17373 0.175532 -0.17373 3.76422e+20 0 9.54678 0 
2 1 0 7.28662 0.02 0 0.174971 -0.173186 0.174971 -0.173186 3.80276e+20 0 9.49666 0 
2 1 0 7.23663 0.02 0 0.174407 -0.172639 0.174407 -0.172639 3.8418e+20 0 9.44661 0 
2 1 0 7.18663 0.02 0 0.173839 -0.172088 0.173839 -0.172088 3.88134e+20 0 9.39662 0 
2 1 0 7.13664 0.02 0 0.173268 -0.171534 0.173268 -0.171534 3.92139e+20 0 9.34669 0 
2 1 0 7.08664 0.02 0 0.172694 -0.170977 0.172694 -0.170977 3.96195e+20 0 9.29683 0 
2 1 0 7.03665 0.02 0 0.172116 -0.170417 0.172116 -0.170417 4.00304e+20 0 9.24704 0 
2 1 0 6.98666 0.02 0 0.171535 -0.169853 0.171535 -0.169853 4.04467e+20 0 9.19731 0 
2 1 0 6.93666 0.02 0 0.17095 -0.169285 0.17095 -0.169285 4.08684e+20 0 9.14764 0 
2 1 0 6.88667 0.02 0 0.170362 -0.168714 0.170362 -0.168714 4.12955e+20 0 9.09804 0 
2 1 0 6.83668 0.02 0 0.169771 -0.16814 0.169771 -0.16814 4.17283e+20 0 9.04851 0 
2 1 0 6.78668 0.02 0 0.169175 -0.167561 0.169175 -0.167561 4.21667e+20 0 8.99903 0 
2 1 0 6.73669 0.02 0 0.168576 -0.166979 0.168576 -0.166979 4.26109e+20 0 8.94962 0 
2 1 0 6.6867 0.02 0 0.167974 -0.166394 0.167974 -0.166394 4.30609e+20 0 8.90028 0 
2 1 0 6.63671 0.02 0 0.167367 -0.165804 0.167367 -0.165804 4.35169e+20 0 8.851 0 
2 1 0 6.58671 0.02 0 0.166757 -0.165211 0.166757 -0.165211 4.39788e+20 0 8.80178 0 
2 1 0 6.53672 0.02 0 0.166143 -0.164614 0.166143 -0.164614 4.4447e+20 0 8.75263 0 
2 1 0 6.48673 0.02 0 0.165525 -0.164013 0.165525 -0.164013 4.49213e+20 0 8.70354 0 
2 1 0 6.43674 0.02 0 0.164903 -0.163408 0.164903 -0.163408 4.54019e+20 0 8.65451 0 
2 1 0 6.38674 0.02 0 0.164277 -0.162799 0.164277 -0.162799 4.5889e+20 0 8.60555 0 
2 1 0 6.33675 0.02 0 0.163647 -0.162186 0.163647 -0.162186 4.63826e+20 0 8.55665 0 
2 1 0 6.28676 0.02 0 0.163013 -0.161569 0.163013 -0.161569 4.68827e+20 0 8.50781 0 
2 1 0 6.23677 0.02 0 0.162375 -0.160948 0.162375 -0.160948 4.73896e+20 0 8.45904 0 
2 1 0 6.18677 0.02 0 0.161733 -0.160323 0.161733 -0.160323 4.79034e+20 0 8.41033 0 
2 1 0 6.13678 0.02 0 0.161086 -0.159693 0.161086 -0.159693 4.8424e+20 0 8.36168 0 
2 1 0 6.08679 0.02 0 0.160435 -0.159059 0.160435 -0.159059 4.89517e+20 0 8.3131 0 
2 1 0 6.0368 0.02 0 0.15978 -0.158421 0.15978 -0.158421 4.94865e+20 0 8.26458 0 
2 1 0 5.98681 0.02 0 0.159121 -0.157778 0.159121 -0.157778 5.00286e+20 0 8.21612 0 
2 1 0 5.93682 0.02 0 0.158457 -0.15713 0.158457 -0.15713 5.05781e+20 0 8.16772 0 
2 1 0 5.88683 0.02 0 0.157788 -0.156479 0.157788 -0.156479 5.1135e+20 0 8.11938 0 
2 1 0 5.83683 0.02 0 0.157115 -0.155822 0.157115 -0.155822 5.16996e+20 0 8.07111 0 
2 1 0 5.78684 0.02 0 0.156437 -0.155161 0.156437 -0.155161 5.22719e+20 0 8.0229 0 
2 1 0 5.73685 0.02 0 0.155754 -0.154495 0.155754 -0.154495 5.2852e+20 0 7.97475 0 
2 1 0 5.68686 0.02 0 0.155067 -0.153824 0.155067 -0.153824 5.34401e+20 0 7.92666 0 
2 1 0 5.63687 0.02 0 0.154375 -0.153148 0.154375 -0.153148 5.40363e+20 0 7.87864 0 
2 1 0 5.58688 0.02 0 0.153678 -0.152468 0.153678 -0.152468 5.46407e+20 0 7.83067 0 
2 1 0 5.53689 0.02 0 0.152975 -0.151782 0.152975 -0.151782 5.52534e+20 0 7.78277 0 
2 1 0 5.4869 0.02 0 0.152268 -0.151091 0.152268 -0.151091 5.58747e+20 0 7.73493 0 
2 1 0 5.43691 0.02 0 0.151556 -0.150396 0.151556 -0.150396 5.65046e+20 0 7.68715 0 
2 1 0 5.38692 0.02 0 0.150838 -0.149694 0.150838 -0.149694 5.71432e+20 0 7.63943 0 
2 1 0 5.33693 0.02 0 0.150116 -0.148988 0.150116 -0.148988 5.77907e+20 0 7.59177 0 
2 1 0 5.28694 0.02 0 0.149387 -0.148276 0.149387 -0.148276 5.84472e+20 0 7.54417 0 
2 1 0 5.23695 0.02 0 0.148654 -0.147559 0.148654 -0.147559 5.91129e+20 0 7.49663 0 
2 1 0 5.18696 0.02 0 0.147915 -0.146836 0.147915 -0.146836 5.97879e+20 0 7.44915 0 
2 1 0 5.13697 0.02 0 0.14717 -0.146107 0.14717 -0.146107 6.04723e+20 0 7.40173 0 
2 1 0 5.08698 0.02 0 0.146419 -0.145373 0.146419 -0.145373 6.11664e+20 0 7.35437 0 
2 1 0 5.03699 0.02 0 0.145663 -0.144633 0.145663 -0.144633 6.18702e+20 0 7.30707 0 
2 1 0 4.98701 0.02 0 0.144901 -0.143887 0.144901 -0.143887 6.2584e+20 0 7.25983 0 
2 1 0 4.93702 0.02 0 0.144133 -0.143135 0.144133 -0.143135 6.33077e+20 0 7.21265 0 
2 1 0 4.88703 0.02 0 0.143359 -0.142377 0.143359 -0.142377 6.40417e+20 0 7.16553 0 
2 1 0 4.83704 0.02 0 0.142579 -0.141613 0.142579 -0.141613 6.47861e+20 0 7.11847 0 
2 1 0 4.78705 0.02 0 0.141792 -0.140842 0.141792 -0.140842 6.5541e+20 0 7.07146 0 
2 1 0 4.73707 0.02 0 0.140999 -0.140065 0.140999 -0.140065 6.63066e+20 0 7.02452 0 
2 1 0 4.68708 0.02 0 0.1402 -0.139282 0.1402 -0.139282 6.7083e+20 0 6.97763 0 
2 1 0 4.63709 0.02 0 0.139394 -0.138492 0.139394 -0.138492 6.78705e+20 0 6.9308 0 
2 1 0 4.5871 0.02 0 0.138582 -0.137695 0.138582 -0.137695 6.86692e+20 0 6.88403 0 
2 1 0 4.53712 0.02 0 0.137763 -0.136891 0.137763 -0.136891 6.94792e+20 0 6.83731 0 
2 1 0 4.48713 0.02 0 0.136937 -0.136081 0.136937 -0.136081 7.03007e+20 0 6.79066 0 
2 1 0 4.43714 0.02 0 0.136104 -0.135263 0.136104 -0.135263 7.1134e+20 0 6.74406 0 
2 1 0 4.38716 0.02 0 0.135264 -0.134439 0.135264 -0.134439 7.19791e+20 0 6.69752 0 
2 1 0 4.33717 0.02 0 0.134416 -0.133607 0.134416 -0.133607 7.28363e+20 0 6.65103 0 
2 1 0 4.28719 0.02 0 0.133562 -0.132767 0.133562 -0.132767 7.37057e+20 0 6.6046 0 
2 1 0 4.2372 0.02 0 0.1327 -0.131921 0.1327 -0.131921 7.45875e+20 0 6.55823 0 
2 1 0 4.18722 0.02 0 0.13183 -0.131066 0.13183 -0.131066 7.5482e+20 0 6.51191 0 
2 1 0 4.13723 0.02 0 0.130952 -0.130204 0.130952 -0.130204 7.63892e+20 0 6.46565 0 
2 1 0 4.08725 0.02 0 0.130067 -0.129333 0.130067 -0.129333 7.73093e+20 0 6.41945 0 
2 1 0 4.03726 0.02 0 0.129174 -0.128455 0.129174 -0.128455 7.82426e+20 0 6.37329 0 
2 1 0 3.98728 0.02 0 0.128272 -0.127569 0.128272 -0.127569 7.91892e+20 0 6.3272 0 
2 1 0 3.93729 0.02 0 0.127362 -0.126674 0.127362 -0.126674 8.01493e+20 0 6.28116 0 
2 1 0 3.88731 0.02 0 0.126444 -0.12577 0.126444 -0.12577 8.11231e+20 0 6.23517 0 
2 1 0 3.83733 0.02 0 0.125517 -0.124858 0.125517 -0.124858 8.21108e+20 0 6.18924 0 
2 1 0 3.78734 0.02 0 0.124581 -0.123937 0.124581 -0.123937 8.31126e+20 0 6.14336 0 
2 1 0 3.73736 0.02 0 0.123637 -0.123007 0.123637 -0.123007 8.41286e+20 0 6.09753 0 
2 1 0 3.68738 0.02 0 0.122683 -0.122068 0.122683 -0.122068 8.5159e+20 0 6.05176 0 
2 1 0 3.6374 0.02 0 0.12172 -0.121119 0.12172 -0.121119 8.62041e+20 0 6.00604 0 
2 1 0 3.58742 0.02 0 0.120748 -0.120161 0.120748 -0.120161 8.7264e+20 0 5.96037 0 
2 1 0 3.53744 0.02 0 0.119766 -0.119193 0.119766 -0.119193 8.83388e+20 0 5.91475 0 
2 1 0 3.48746 0.02 0 0.118774 -0.118215 0.118774 -0.118215 8.94289e+20 0 5.86919 0 
2 1 0 3.43748 0.02 0 0.117772 -0.117227 0.117772 -0.117227 9.05343e+20 0 5.82368 0 
2 1 0 3.3875 0.02 0 0.11676 -0.116229 0.11676 -0.116229 9.16552e+20 0 5.77822 0 
2 1 0 3.33752 0.02 0 0.115737 -0.11522 0.115737 -0.11522 9.27918e+20 0 5.7328 0 
2 1 0 3.28754 0.02 0 0.114704 -0.114201 0.114704 -0.114201 9.39442e+20 0 5.68744 0 
2 1 0 3.23756 0.02 0 0.11366 -0.11317 0.11366 -0.11317 9.51127e+20 0 5.64213 0 
2 1 0 3.18758 0.02 0 0.112604 -0.112128 0.112604 -0.112128 9.62974e+20 0 5.59687 0 
2 1 0 3.1376 0.02 0 0.111538 -0.111075 0.111538 -0.111075 9.74984e+20 0 5.55165 0 
2 1 0 3.08763 0.02 0 0.11046 -0.11001 0.11046 -0.11001 9.8716e+20 0 5.50649 0 
2 1 0 3.03765 0.02 0 0.10937 -0.108934 0.10937 -0.108934 9.99501e+20 0 5.46137 0 
2 1 0 2.98767 0.02 0 0.108268 -0.107845 0.108268 -0.107845 1.01201e+21 0 5.4163 0 
2 1 0 2.9377 0.02 0 0.107153 -0.106743 0.107153 -0.106743 1.02469e+21 0 5.37128 0 
2 1 0 2.88772 0.02 0 0.106026 -0.105629 0.106026 -0.105629 1.03754e+21 0 5.3263 0 
2 1 0 2.83775 0.02 0 0.104886 -0.104502 0.104886 -0.104502 1.05056e+21 0 5.28137 0 
2 1 0 2.78778 0.02 0 0.103733 -0.103361 0.103733 -0.103361 1.06375e+21 0 5.23649 0 
2 1 0 2.7378 0.02 0 0.102566 -0.102207 0.102566 -0.102207 1.07711e+21 0 5.19165 0 
2 1 0 2.68783 0.02 0 0.101386 -0.101038 0.101386 -0.101038 1.09065e+21 0 5.14685 0 
2 1 0 2.63786 0.02 0 0.100191 -0.0998559 0.100191 -0.0998559 1.10436e+21 0 5.1021 0 
2 1 0 2.58789 0.02 0 0.098982 -0.0986588 0.098982 -0.0986588 1.11825e+21 0 5.05739 0 
2 1 0 2.53792 0.02 0 0.0977581 -0.0974466 0.0977581 -0.0974466 1.13231e+21 0 5.01273 0 
2 1 0 2.48795 0.02 0 0.0965189 -0.0962191 0.0965189 -0.0962191 1.14655e+21 0 4.9681 0 
2 1 0 2.43798 0.02 0 0.0952641 -0.0949759 0.0952641 -0.0949759 1.16096e+21 0 4.92352 0 
2 1 0 2.38801 0.02 0 0.0939933 -0.0937165 0.0939933 -0.0937165 1.17554e+21 0 4.87898 0 
2 1 0 2.33804 0.02 0 0.0927062 -0.0924406 0.0927062 -0.0924406 1.1903e+21 0 4.83448 0 
2 1 0 2.28808 0.02 0 0.0914023 -0.0911478 0.0914023 -0.0911478 1.20523e+21 0 4.79002 0 
2 1 0 2.23811 0.02 0 0.0900812 -0.0898375 0.0900812 -0.0898375 1.22033e+21 0 4.74559 0 
2 1 0 2.18815 0.02 0 0.0887424 -0.0885094 0.0887424 -0.0885094 1.23559e+21 0 4.70121 0 
2 1 0 2.13818 0.02 0 0.0873854 -0.087163 0.0873854 -0.087163 1.25103e+21 0 4.65686 0 
2 1 0 2.08822 0.02 0 0.0860098 -0.0857977 0.0860098 -0.0857977 1.26663e+21 0 4.61255 0 
2 1 0 2.03826 0.02 0 0.084615 -0.0844131 0.084615 -0.0844131 1.28238e+21 0 4.56827 0 
2 1 0 1.9883 0.02 0 0.0832006 -0.0830086 0.0832006 -0.0830086 1.2983e+21 0 4.52403 0 
2 1 0 1.93834 0.02 0 0.0817659 -0.0815837 0.0817659 -0.0815837 1.31437e+21 0 4.47982 0 
2 1 0 1.88838 0.02 0 0.0803104 -0.0801377 0.0803104 -0.0801377 1.33059e+21 0 4.43565 0 
2 1 0 1.83843 0.02 0 0.0788335 -0.0786701 0.0788335 -0.0786701 1.34695e+21 0 4.3915 0 
2 1 0 1.78847 0.02 0 0.0773345 -0.0771803 0.0773345 -0.0771803 1.36344e+21 0 4.34739 0 
2 1 0 1.73852 0.02 0 0.0758128 -0.0756676 0.0758128 -0.0756676 1.38007e+21 0 4.30331 0 
2 1 0 1.68856 0.02 0 0.0742678 -0.0741312 0.0742678 -0.0741312 1.39682e+21 0 4.25926 0 
2 1 0 1.63861 0.02 0 0.0726986 -0.0725706 0.0726986 -0.0725706 1.41368e+21 0 4.21523 0 
2 1 0 1.58866 0.02 0 0.0711046 -0.0709848 0.0711046 -0.0709848 1.43065e+21 0 4.17123 0 
2 1 0 1.53872 0.02 0 0.069485 -0.0693732 0.069485 -0.0693732 1.44771e+21 0 4.12726 0 
2 1 0 1.48877 0.02 0 0.067839 -0.0677349 0.067839 -0.0677349 1.46486e+21 0 4.08331 0 
2 1 0 1.43883 0.02 0 0.0661656 -0.066069 0.0661656 -0.066069 1.48207e+21 0 4.03939 0 
2 1 0 1.38888 0.02 0 0.064464 -0.0643747 0.064464 -0.0643747 1.49934e+21 0 3.99549 0 
2 1 0 1.33894 0.02 0 0.0627332 -0.0626509 0.0627332 -0.0626509 1.51665e+21 0 3.95161 0 
2 1 0 1.289 0.02 0 0.0609723 -0.0608967 0.0609723 -0.0608967 1.53398e+21 0 3.90774 0 
2 1 0 1.23907 0.02 0 0.0591802 -0.0591111 0.0591802 -0.0591111 1.55131e+21 0 3.8639 0 
2 1 0 1.18914 0.02 0 0.0573557 -0.0572928 0.0573557 -0.0572928 1.56863e+21 0 3.82007 0 
2 1 0 1.1392 0.02 0 0.0554978 -0.0554409 0.0554978 -0.0554409 1.5859e+21 0 3.77626 0 
2 1 0 1.08928 0.02 0 0.0536052 -0.0535539 0.0536052 -0.0535539 1.60311e+21 0 3.73246 0 
2 1 0 1.03935 0.02 0 0.0516767 -0.0516307 0.0516767 -0.0516307 1.62022e+21 0 3.68868 0 
2 1 0 0.989427 0.02 0 0.0497108 -0.0496698 0.0497108 -0.0496698 1.63721e+21 0 3.6449 0 
2 1 0 0.939507 0.02 0 0.0477061 -0.0476699 0.0477061 -0.0476699 1.65404e+21 0 3.60114 0 
2 1 0 0.889591 0.02 0 0.0456611 -0.0456293 0.0456611 -0.0456293 1.67067e+21 0 3.55738 0 
2 1 0 0.839678 0.02 0 0.0435741 -0.0435466 0.0435741 -0.0435466 1.68707e+21 0 3.51362 0 
2 1 0 0.789769 0.02 0 0.0414436 -0.0414198 0.0414436 -0.0414198 1.7032e+21 0 3.46987 0 
2 1 0 0.739863 0.02 0 0.0392676 -0.0392474 0.0392676 -0.0392474 1.719e+21 0 3.42612 0 
2 1 0 0.689962 0.02 0 0.0370442 -0.0370272 0.0370442 -0.0370272 1.73442e+21 0 3.38237 0 
2 1 0 0.640065 0.02 0 0.0347713 -0.0347573 0.0347713 -0.0347573 1.74942e+21 0 3.33862 0 
2 1 0 0.590173 0.02 0 0.0324469 -0.0324355 0.0324469 -0.0324355 1.76392e+21 0 3.29486 0 
2 1 0 0.540286 0.02 0 0.0300684 -0.0300594 0.0300684 -0.0300594 1.77786e+21 0 3.25109 0 
2 1 0 0.490405 0.02 0 0.0276335 -0.0276265 0.0276335 -0.0276265 1.79117e+21 0 3.20731 0 
2 1 0 0.44053 0.02 0 0.0251395 -0.0251342 0.0251395 -0.0251342 1.80376e+21 0 3.16353 0 
2 1 0 0.39066 0.02 0 0.0225835 -0.0225797 0.0225835 -0.0225797 1.81556e+21 0 3.11972 0 
2 1 0 0.340798 0.02 0 0.0199625 -0.0199598 0.0199625 -0.0199598 1.82646e+21 0 3.0759 0 
2 1 0 0.290943 0.02 0 0.0172731 -0.0172714 0.0172731 -0.0172714 1.83638e+21 0 3.03206 0 
2 1 0 0.241095 0.02 0 0.0145118 -0.0145108 0.0145118 -0.0145108 1.84519e+21 0 2.9882 0 
2 1 0 0.191257 0.02 0 0.0116748 -0.0116743 0.0116748 -0.0116743 1.85277e+21 0 2.94432 0 
2 1 0 0.141427 0.02 0 0.00875797 -0.00875775 0.00875797 -0.00875775 1.859e+21 0 2.9004 0 
2 1 0 0.0916074 0.02 0 0.00575683 -0.00575677 0.00575683 -0.00575677 1.86373e+21 0 2.85645 0 
2 1 0 0.0417988 0.02 0 0.00266654 -0.00266654 0.00266654 -0.00266654 1.86681e+21 0 2.81247 0 
2 1 0 -0.00799798 0.02 0 -0.00051815 0.00051815 -0.00051815 0.00051815 1.86808e+21 0 2.76846 0 
