2 1 0 5 0.07 0 0.0117358 0.08565 0.0117358 0.08565 0 0 0 0 
1 1 0 4.998 0.07 0 0.0117619 0.08565 0.0117619 0.08565 0.950472 0 0.997897 0 
1 1 0 4.996 0.07 0 0.0117903 0.08565 0.0117903 0.08565 0.950506 0 0.997897 0 
1 1 0 4.992 0.07 0 0.0118475 0.08565 0.0118475 0.08565 0.950574 0 0.997897 0 
1 1 0 4.984 0.07 0 0.0119628 0.08565 0.0119628 0.08565 0.950711 0 0.997897 0 
1 1 0 4.974 0.07 0 0.0121088 0.08565 0.0121088 0.08565 0.950883 0 0.997897 0 
1 1 0 4.964 0.07 0 0.012257 0.08565 0.012257 0.08565 0.951058 0 0.997897 0 
1 1 0 4.954 0.07 0 0.0124074 0.08565 0.0124074 0.08565 0.951234 0 0.997897 0 
1 1 0 4.94401 0.07 0 0.0125601 0.08565 0.0125601 0.08565 0.951413 0 0.997897 0 
1 1 0 4.93401 0.07 0 0.0127152 0.08565 0.0127152 0.08565 0.951594 0 0.997897 0 
1 1 0 4.92401 0.07 0 0.0128726 0.08565 0.0128726 0.08565 0.951776 0 0.997897 0 
1 1 0 4.91401 0.07 0 0.0130324 0.08565 0.0130324 0.08565 0.951961 0 0.997897 0 
1 1 0 4.90401 0.07 0 0.0131946 0.08565 0.0131946 0.08565 0.952148 0 0.997897 0 
1 1 0 4.89401 0.07 0 0.0133594 0.08565 0.0133594 0.08565 0.952337 0 0.997897 0 
1 1 0 4.88401 0.07 0 0.0135268 0.08565 0.0135268 0.08565 0.952529 0 0.997897 0 
1 1 0 4.87402 0.07 0 0.0136967 0.08565 0.0136967 0.08565 0.952722 0 0.997897 0 
1 1 0 4.86402 0.07 0 0.0138694 0.08565 0.0138694 0.08565 0.952918 0 0.997897 0 
1 1 0 4.85402 0.07 0 0.0140448 0.08565 0.0140448 0.08565 0.953117 0 0.997897 0 
1 1 0 4.84402 0.07 0 0.014223 0.08565 0.014223 0.08565 0.953317 0 0.997897 0 
1 1 0 4.83402 0.07 0 0.014404 0.08565 0.014404 0.08565 0.95352 0 0.997897 0 
1 1 0 4.82402 0.07 0 0.014588 0.08565 0.014588 0.08565 0.953726 0 0.997897 0 
1 1 0 4.81402 0.07 0 0.0147749 0.08565 0.0147749 0.08565 0.953934 0 0.997897 0 
1 1 0 4.80403 0.07 0 0.0149649 0.08565 0.0149649 0.08565 0.954145 0 0.997897 0 
1 1 0 4.79403 0.07 0 0.0151581 0.08565 0.0151581 0.08565 0.954358 0 0.997897 0 
1 1 0 4.78403 0.07 0 0.0153544 0.08565 0.0153544 0.08565 0.954574 0 0.997897 0 
1 1 0 4.77403 0.07 0 0.015554 0.08565 0.015554 0.08565 0.954793 0 0.997897 0 
1 1 0 4.76403 0.07 0 0.0157569 0.08565 0.0157569 0.08565 0.955014 0 0.997897 0 
1 1 0 4.75404 0.07 0 0.0159633 0.08565 0.0159633 0.08565 0.955238 0 0.997897 0 
1 1 0 4.74404 0.07 0 0.0161732 0.08565 0.0161732 0.08565 0.955465 0 0.997897 0 
1 1 0 4.73404 0.07 0 0.0163867 0.08565 0.0163867 0.08565 0.955695 0 0.997897 0 
1 1 0 4.72404 0.07 0 0.0166038 0.08565 0.0166038 0.08565 0.955928 0 0.997897 0 
1 1 0 4.71405 0.07 0 0.0168248 0.08565 0.0168248 0.08565 0.956164 0 0.997897 0 
1 1 0 4.70405 0.07 0 0.0170496 0.08565 0.0170496 0.08565 0.956404 0 0.997897 0 
1 1 0 4.69405 0.07 0 0.0172784 0.08565 0.0172784 0.08565 0.956646 0 0.997897 0 
1 1 0 4.68405 0.07 0 0.0175112 0.08565 0.0175112 0.08565 0.956892 0 0.997897 0 
1 1 0 4.67406 0.07 0 0.0177482 0.08565 0.0177482 0.08565 0.95714 0 0.997897 0 
1 1 0 4.66406 0.07 0 0.0179895 0.08565 0.0179895 0.08565 0.957393 0 0.997897 0 
1 1 0 4.65406 0.07 0 0.0182352 0.08565 0.0182352 0.08565 0.957648 0 0.997897 0 
1 1 0 4.64407 0.07 0 0.0184855 0.08565 0.0184855 0.08565 0.957908 0 0.997897 0 
1 1 0 4.63407 0.07 0 0.0187403 0.08565 0.0187403 0.08565 0.958171 0 0.997897 0 
1 1 0 4.62407 0.07 0 0.019 0.08565 0.019 0.08565 0.958437 0 0.997897 0 
1 1 0 4.61408 0.07 0 0.0192645 0.08565 0.0192645 0.08565 0.958707 0 0.997897 0 
1 1 0 4.60408 0.07 0 0.0195341 0.08565 0.0195341 0.08565 0.958982 0 0.997897 0 
1 1 0 4.59408 0.07 0 0.0198088 0.08565 0.0198088 0.08565 0.95926 0 0.997897 0 
1 1 0 4.58409 0.07 0 0.020089 0.08565 0.020089 0.08565 0.959542 0 0.997897 0 
1 1 0 4.57409 0.07 0 0.0203746 0.08565 0.0203746 0.08565 0.959829 0 0.997897 0 
1 1 0 4.5641 0.07 0 0.0206658 0.08565 0.0206658 0.08565 0.960119 0 0.997897 0 
1 1 0 4.5541 0.07 0 0.0209629 0.08565 0.0209629 0.08565 0.960414 0 0.997897 0 
1 1 0 4.5441 0.07 0 0.021266 0.08565 0.021266 0.08565 0.960714 0 0.997897 0 
1 1 0 4.53411 0.07 0 0.0215754 0.08565 0.0215754 0.08565 0.961018 0 0.997897 0 
1 1 0 4.52411 0.07 0 0.0218911 0.08565 0.0218911 0.08565 0.961327 0 0.997897 0 
1 1 0 4.51412 0.07 0 0.0222134 0.08565 0.0222134 0.08565 0.961641 0 0.997897 0 
1 1 0 4.50412 0.07 0 0.0225426 0.08565 0.0225426 0.08565 0.96196 0 0.997897 0 
1 1 0 4.49413 0.07 0 0.0228788 0.08565 0.0228788 0.08565 0.962284 0 0.997897 0 
1 1 0 4.48414 0.07 0 0.0232224 0.08565 0.0232224 0.08565 0.962613 0 0.997897 0 
1 1 0 4.47414 0.07 0 0.0235735 0.08565 0.0235735 0.08565 0.962948 0 0.997897 0 
1 1 0 4.46415 0.07 0 0.0239324 0.08565 0.0239324 0.08565 0.963288 0 0.997897 0 
1 1 0 4.45416 0.07 0 0.0242994 0.08565 0.0242994 0.08565 0.963635 0 0.997897 0 
1 1 0 4.44416 0.07 0 0.0246748 0.08565 0.0246748 0.08565 0.963987 0 0.997897 0 
1 1 0 4.43417 0.07 0 0.025059 0.08565 0.025059 0.08565 0.964345 0 0.997897 0 
1 1 0 4.42418 0.07 0 0.0254522 0.08565 0.0254522 0.08565 0.96471 0 0.997897 0 
1 1 0 4.41419 0.07 0 0.0258549 0.08565 0.0258549 0.08565 0.965082 0 0.997897 0 
1 1 0 4.40419 0.07 0 0.0262673 0.08565 0.0262673 0.08565 0.96546 0 0.997897 0 
1 1 0 4.3942 0.07 0 0.0266899 0.08565 0.0266899 0.08565 0.965846 0 0.997897 0 
1 1 0 4.38421 0.07 0 0.0271232 0.08565 0.0271232 0.08565 0.966239 0 0.997897 0 
1 1 0 4.37422 0.07 0 0.0275676 0.08565 0.0275676 0.08565 0.966639 0 0.997897 0 
1 1 0 4.36423 0.07 0 0.0280235 0.08565 0.0280235 0.08565 0.967048 0 0.997897 0 
1 1 0 4.35424 0.07 0 0.0284915 0.08565 0.0284915 0.08565 0.967465 0 0.997897 0 
1 1 0 4.34426 0.07 0 0.0289722 0.08565 0.0289722 0.08565 0.96789 0 0.997897 0 
1 1 0 4.33427 0.07 0 0.0294662 0.08565 0.0294662 0.08565 0.968325 0 0.997897 0 
1 1 0 4.32428 0.07 0 0.0299741 0.08565 0.0299741 0.08565 0.968768 0 0.997897 0 
1 1 0 4.31429 0.07 0 0.0304966 0.08565 0.0304966 0.08565 0.969222 0 0.997897 0 
1 1 0 4.30431 0.07 0 0.0310345 0.08565 0.0310345 0.08565 0.969686 0 0.997897 0 
1 1 0 4.29432 0.07 0 0.0315886 0.08565 0.0315886 0.08565 0.970161 0 0.997897 0 
1 1 0 4.28434 0.07 0 0.0321599 0.08565 0.0321599 0.08565 0.970647 0 0.997897 0 
1 1 0 4.27436 0.07 0 0.0327492 0.08565 0.0327492 0.08565 0.971146 0 0.997897 0 
1 1 0 4.26438 0.07 0 0.0333578 0.08565 0.0333578 0.08565 0.971657 0 0.997897 0 
1 1 0 4.2544 0.07 0 0.0339868 0.08565 0.0339868 0.08565 0.972181 0 0.997897 0 
1 1 0 4.24442 0.07 0 0.0346374 0.08565 0.0346374 0.08565 0.972719 0 0.997897 0 
1 1 0 4.23444 0.07 0 0.0353112 0.08565 0.0353112 0.08565 0.973273 0 0.997897 0 
1 1 0 4.22446 0.07 0 0.0360098 0.08565 0.0360098 0.08565 0.973843 0 0.997897 0 
1 1 0 4.21449 0.07 0 0.036735 0.08565 0.036735 0.08565 0.974429 0 0.997897 0 
1 1 0 4.20452 0.07 0 0.0374889 0.08565 0.0374889 0.08565 0.975035 0 0.997897 0 
1 1 0 4.19455 0.07 0 0.0382736 0.08565 0.0382736 0.08565 0.97566 0 0.997897 0 
1 1 0 4.18458 0.07 0 0.039092 0.08565 0.039092 0.08565 0.976306 0 0.997897 0 
1 1 0 4.17462 0.07 0 0.039947 0.08565 0.039947 0.08565 0.976976 0 0.997897 0 
1 1 0 4.16466 0.07 0 0.0408421 0.08565 0.0408421 0.08565 0.977671 0 0.997897 0 
1 1 0 4.1547 0.07 0 0.0417814 0.08565 0.0417814 0.08565 0.978394 0 0.997897 0 
1 1 0 4.14475 0.07 0 0.0427697 0.08565 0.0427697 0.08565 0.979148 0 0.997897 0 
1 1 0 4.13481 0.07 0 0.0438127 0.08565 0.0438127 0.08565 0.979937 0 0.997897 0 
1 1 0 4.12487 0.07 0 0.0449175 0.08565 0.0449175 0.08565 0.980763 0 0.997897 0 
1 1 0 4.11494 0.07 0 0.0460926 0.08565 0.0460926 0.08565 0.981634 0 0.997897 0 
1 1 0 4.10502 0.07 0 0.0473487 0.08565 0.0473487 0.08565 0.982556 0 0.997897 0 
1 1 0 4.09511 0.07 0 0.0486995 0.08565 0.0486995 0.08565 0.983536 0 0.997897 0 
1 1 0 4.08521 0.07 0 0.0501631 0.08565 0.0501631 0.08565 0.984586 0 0.997897 0 
1 1 0 4.07534 0.07 0 0.0517643 0.08565 0.0517643 0.08565 0.985721 0 0.997897 0 
1 1 0 4.0655 0.07 0 0.0535382 0.08565 0.0535382 0.08565 0.986963 0 0.997897 0 
1 1 0 4.0557 0.07 0 0.0555384 0.08565 0.0555384 0.08565 0.988344 0 0.997897 0 
1 1 0 4.04597 0.07 0 0.0578512 0.08565 0.0578512 0.08565 0.989918 0 0.997897 0 
1 1 0 4.03637 0.07 0 0.0606395 0.08565 0.0606395 0.08565 0.991784 0 0.997897 0 
1 1 0 4.02705 0.07 0 0.0642781 0.08565 0.0642781 0.08565 0.994173 0 0.997897 0 
1 1 0 4.01895 0.07 217895 0.0701381 0.08565 0.0701381 0.08565 0.99791 2.87756e-05 0.99791 -2.87756e-05 
2 1 0 4.02168 0.07 217895 0.0797245 0.0856501 0.0797245 0.0856501 1.00386 0 0.997898 0 
2 1 0 4.03031 0.07 217895 0.0848116 0.0856501 0.0848116 0.0856501 1.00691 0 0.997898 0 
2 1 0 4.03958 0.07 217895 0.0885645 0.0856502 0.0885645 0.0856502 1.00914 0 0.997898 0 
2 1 0 4.04908 0.07 217895 0.0916812 0.0856502 0.0916812 0.0856502 1.01098 0 0.997898 0 
2 1 0 4.0587 0.07 217895 0.0944084 0.0856503 0.0944084 0.0856503 1.01258 0 0.997898 0 
2 1 0 4.0684 0.07 217895 0.0968659 0.0856504 0.0968659 0.0856504 1.01402 0 0.997898 0 
2 1 0 4.07814 0.07 217895 0.0991233 0.0856505 0.0991233 0.0856505 1.01534 0 0.997899 0 
2 1 0 4.08792 0.07 217895 0.101222 0.0856506 0.101222 0.0856506 1.01656 0 0.997899 0 
2 1 0 4.09772 0.07 217895 0.103192 0.0856507 0.103192 0.0856507 1.01771 0 0.997899 0 
2 1 0 4.10755 0.07 217895 0.105056 0.0856509 0.105056 0.0856509 1.01879 0 0.9979 0 
2 1 0 4.11739 0.07 217895 0.106828 0.085651 0.106828 0.085651 1.01982 0 0.9979 0 
2 1 0 4.12725 0.07 217895 0.108522 0.0856512 0.108522 0.0856512 1.0208 0 0.9979 0 
2 1 0 4.13711 0.07 217895 0.110146 0.0856514 0.110146 0.0856514 1.02175 0 0.997901 0 
2 1 0 4.14699 0.07 217895 0.111709 0.0856516 0.111709 0.0856516 1.02266 0 0.997901 0 
2 1 0 4.15688 0.07 217895 0.113217 0.0856519 0.113217 0.0856519 1.02354 0 0.997902 0 
2 1 0 4.16677 0.07 217895 0.114676 0.0856521 0.114676 0.0856521 1.02439 0 0.997902 0 
2 1 0 4.17667 0.07 217895 0.116089 0.0856524 0.116089 0.0856524 1.02522 0 0.997903 0 
2 1 0 4.18658 0.07 217895 0.11746 0.0856527 0.11746 0.0856527 1.02602 0 0.997903 0 
2 1 0 4.19649 0.07 217895 0.118794 0.085653 0.118794 0.085653 1.02681 0 0.997904 0 
2 1 0 4.2064 0.07 217895 0.120092 0.0856533 0.120092 0.0856533 1.02757 0 0.997904 0 
2 1 0 4.21632 0.07 217895 0.121358 0.0856537 0.121358 0.0856537 1.02832 0 0.997905 0 
2 1 0 4.22625 0.07 217895 0.122593 0.0856541 0.122593 0.0856541 1.02905 0 0.997905 0 
2 1 0 4.23617 0.07 217895 0.123799 0.0856545 0.123799 0.0856545 1.02976 0 0.997906 0 
2 1 0 4.2461 0.07 217895 0.124978 0.085655 0.124978 0.085655 1.03047 0 0.997907 0 
2 1 0 4.25604 0.07 217895 0.126133 0.0856555 0.126133 0.0856555 1.03115 0 0.997908 0 
2 1 0 4.26597 0.07 217895 0.127263 0.085656 0.127263 0.085656 1.03183 0 0.997908 0 
2 1 0 4.27591 0.07 217895 0.128371 0.0856565 0.128371 0.0856565 1.0325 0 0.997909 0 
2 1 0 4.28585 0.07 217895 0.129457 0.0856571 0.129457 0.0856571 1.03315 0 0.99791 0 
2 1 0 4.29579 0.07 217895 0.130523 0.0856577 0.130523 0.0856577 1.03379 0 0.997911 0 
2 1 0 4.30574 0.07 217895 0.13157 0.0856583 0.13157 0.0856583 1.03443 0 0.997912 0 
2 1 0 4.31569 0.07 217895 0.132598 0.085659 0.132598 0.085659 1.03505 0 0.997913 0 
2 1 0 4.32564 0.07 217895 0.133609 0.0856597 0.133609 0.0856597 1.03567 0 0.997914 0 
2 1 0 4.33559 0.07 217895 0.134603 0.0856604 0.134603 0.0856604 1.03628 0 0.997915 0 
2 1 0 4.34554 0.07 217895 0.135581 0.0856612 0.135581 0.0856612 1.03688 0 0.997916 0 
2 1 0 4.35549 0.07 217895 0.136543 0.085662 0.136543 0.085662 1.03747 0 0.997917 0 
2 1 0 4.36545 0.07 217895 0.13749 0.0856629 0.13749 0.0856629 1.03806 0 0.997918 0 
2 1 0 4.3754 0.07 217895 0.138423 0.0856638 0.138423 0.0856638 1.03864 0 0.997919 0 
2 1 0 4.38536 0.07 217895 0.139343 0.0856648 0.139343 0.0856648 1.03921 0 0.997921 0 
2 1 0 4.39532 0.07 217895 0.140249 0.0856657 0.140249 0.0856657 1.03978 0 0.997922 0 
2 1 0 4.40528 0.07 217895 0.141142 0.0856668 0.141142 0.0856668 1.04034 0 0.997923 0 
2 1 0 4.41524 0.07 217895 0.142023 0.0856678 0.142023 0.0856678 1.0409 0 0.997924 0 
2 1 0 4.4252 0.07 217895 0.142892 0.085669 0.142892 0.085669 1.04145 0 0.997926 0 
2 1 0 4.43517 0.07 217895 0.14375 0.0856701 0.14375 0.0856701 1.04199 0 0.997927 0 
2 1 0 4.44513 0.07 217895 0.144596 0.0856714 0.144596 0.0856714 1.04253 0 0.997929 0 
2 1 0 4.4551 0.07 217895 0.145432 0.0856726 0.145432 0.0856726 1.04307 0 0.99793 0 
2 1 0 4.46506 0.07 217895 0.146257 0.0856739 0.146257 0.0856739 1.0436 0 0.997932 0 
2 1 0 4.47503 0.07 217895 0.147072 0.0856753 0.147072 0.0856753 1.04413 0 0.997934 0 
2 1 0 4.485 0.07 217895 0.147878 0.0856767 0.147878 0.0856767 1.04465 0 0.997935 0 
2 1 0 4.49496 0.07 217895 0.148674 0.0856782 0.148674 0.0856782 1.04517 0 0.997937 0 
2 1 0 4.50493 0.07 217895 0.14946 0.0856797 0.14946 0.0856797 1.04568 0 0.997939 0 
2 1 0 4.5149 0.07 217895 0.150238 0.0856813 0.150238 0.0856813 1.04619 0 0.997941 0 
2 1 0 4.52487 0.07 217895 0.151007 0.0856829 0.151007 0.0856829 1.0467 0 0.997942 0 
2 1 0 4.53484 0.07 217895 0.151767 0.0856846 0.151767 0.0856846 1.0472 0 0.997944 0 
2 1 0 4.54482 0.07 217895 0.152519 0.0856864 0.152519 0.0856864 1.0477 0 0.997946 0 
2 1 0 4.55479 0.07 217895 0.153264 0.0856882 0.153264 0.0856882 1.0482 0 0.997948 0 
2 1 0 4.56476 0.07 217895 0.154 0.0856901 0.154 0.0856901 1.04869 0 0.99795 0 
2 1 0 4.57473 0.07 217895 0.154729 0.085692 0.154729 0.085692 1.04918 0 0.997953 0 
2 1 0 4.58471 0.07 217895 0.15545 0.085694 0.15545 0.085694 1.04967 0 0.997955 0 
2 1 0 4.59468 0.07 217895 0.156164 0.0856961 0.156164 0.0856961 1.05016 0 0.997957 0 
2 1 0 4.60466 0.07 217895 0.156872 0.0856982 0.156872 0.0856982 1.05064 0 0.997959 0 
2 1 0 4.61463 0.07 217895 0.157572 0.0857004 0.157572 0.0857004 1.05112 0 0.997962 0 
2 1 0 4.62461 0.07 217895 0.158265 0.0857027 0.158265 0.0857027 1.05159 0 0.997964 0 
2 1 0 4.63459 0.07 217895 0.158952 0.085705 0.158952 0.085705 1.05207 0 0.997966 0 
2 1 0 4.64456 0.07 217895 0.159633 0.0857074 0.159633 0.0857074 1.05254 0 0.997969 0 
2 1 0 4.65454 0.07 217895 0.160308 0.0857098 0.160308 0.0857098 1.05301 0 0.997971 0 
2 1 0 4.66452 0.07 217895 0.160976 0.0857124 0.160976 0.0857124 1.05347 0 0.997974 0 
2 1 0 4.67449 0.07 217895 0.161638 0.085715 0.161638 0.085715 1.05394 0 0.997977 0 
2 1 0 4.68447 0.07 217895 0.162295 0.0857177 0.162295 0.0857177 1.0544 0 0.99798 0 
2 1 0 4.69445 0.07 217895 0.162946 0.0857204 0.162946 0.0857204 1.05486 0 0.997982 0 
2 1 0 4.70443 0.07 217895 0.163592 0.0857233 0.163592 0.0857233 1.05532 0 0.997985 0 
2 1 0 4.71441 0.07 217895 0.164232 0.0857262 0.164232 0.0857262 1.05577 0 0.997988 0 
2 1 0 4.72439 0.07 217895 0.164866 0.0857292 0.164866 0.0857292 1.05622 0 0.997991 0 
2 1 0 4.73437 0.07 217895 0.165496 0.0857322 0.165496 0.0857322 1.05668 0 0.997994 0 
2 1 0 4.74435 0.07 217895 0.166121 0.0857354 0.166121 0.0857354 1.05713 0 0.997997 0 
2 1 0 4.75433 0.07 217895 0.16674 0.0857386 0.16674 0.0857386 1.05757 0 0.998 0 
2 1 0 4.76431 0.07 217895 0.167355 0.0857419 0.167355 0.0857419 1.05802 0 0.998004 0 
2 1 0 4.77429 0.07 217895 0.167965 0.0857453 0.167965 0.0857453 1.05846 0 0.998007 0 
2 1 0 4.78428 0.07 217895 0.168571 0.0857488 0.168571 0.0857488 1.05891 0 0.99801 0 
2 1 0 4.79426 0.07 217895 0.169172 0.0857524 0.169172 0.0857524 1.05935 0 0.998014 0 
2 1 0 4.80424 0.07 217895 0.169768 0.085756 0.169768 0.085756 1.05979 0 0.998017 0 
2 1 0 4.81422 0.07 217895 0.170361 0.0857598 0.170361 0.0857598 1.06022 0 0.998021 0 
2 1 0 4.82421 0.07 217895 0.170949 0.0857636 0.170949 0.0857636 1.06066 0 0.998024 0 
2 1 0 4.83419 0.07 217895 0.171532 0.0857676 0.171532 0.0857676 1.0611 0 0.998028 0 
2 1 0 4.84417 0.07 217895 0.172112 0.0857716 0.172112 0.0857716 1.06153 0 0.998032 0 
2 1 0 4.85415 0.07 217895 0.172688 0.0857757 0.172688 0.0857757 1.06196 0 0.998036 0 
2 1 0 4.86414 0.07 217895 0.17326 0.0857799 0.17326 0.0857799 1.06239 0 0.998039 0 
2 1 0 4.87412 0.07 217895 0.173828 0.0857842 0.173828 0.0857842 1.06282 0 0.998043 0 
2 1 0 4.88411 0.07 217895 0.174393 0.0857886 0.174393 0.0857886 1.06325 0 0.998047 0 
2 1 0 4.89409 0.07 217895 0.174953 0.0857931 0.174953 0.0857931 1.06367 0 0.998052 0 
2 1 0 4.90408 0.07 217895 0.175511 0.0857977 0.175511 0.0857977 1.0641 0 0.998056 0 
2 1 0 4.91406 0.07 217895 0.176064 0.0858024 0.176064 0.0858024 1.06452 0 0.99806 0 
2 1 0 4.92404 0.07 217895 0.176615 0.0858072 0.176615 0.0858072 1.06495 0 0.998064 0 
2 1 0 4.93403 0.07 217895 0.177162 0.0858122 0.177162 0.0858122 1.06537 0 0.998069 0 
2 1 0 4.94401 0.07 217895 0.177706 0.0858172 0.177706 0.0858172 1.06579 0 0.998073 0 
2 1 0 4.954 0.07 217895 0.178246 0.0858223 0.178246 0.0858223 1.06621 0 0.998078 0 
2 1 0 4.96399 0.07 217895 0.178784 0.0858276 0.178784 0.0858276 1.06663 0 0.998082 0 
2 1 0 4.97397 0.07 217895 0.179318 0.0858329 0.179318 0.0858329 1.06704 0 0.998087 0 
2 1 0 4.98396 0.07 217895 0.17985 0.0858384 0.17985 0.0858384 1.06746 0 0.998092 0 
2 1 0 4.99394 0.07 217895 0.180378 0.085844 0.180378 0.085844 1.06787 0 0.998097 0 
2 1 0 5.00393 0.07 217895 0.180904 0.0858496 0.180904 0.0858496 1.06829 0 0.998101 0 
2 2 0 4.0217 0.07 217895 0.0797245 0.0856501 0.0797245 0.0856501 1.06829 0 0.998101 0 
2 2 0 4.02614 0.07 217895 0.0826779 0.0856501 0.0826779 0.0856501 1.06829 0 0.998101 0 
2 2 0 4.02701 0.07 217895 0.0831611 0.0856501 0.0831611 0.0856501 1.00592 0 0.997898 0 
2 2 0 4.02789 0.07 217895 0.0836276 0.0856501 0.0836276 0.0856501 1.0062 0 0.997898 0 
2 2 0 4.02969 0.07 217895 0.0845166 0.0856501 0.0845166 0.0856501 1.00673 0 0.997898 0 
2 2 0 4.03334 0.07 217895 0.086149 0.0856501 0.086149 0.0856501 1.00771 0 0.997898 0 
2 2 0 4.03893 0.07 217895 0.0883288 0.0856502 0.0883288 0.0856502 1.009 0 0.997898 0 
2 2 0 4.04746 0.07 217895 0.0911851 0.0856502 0.0911851 0.0856502 1.01069 0 0.997898 0 
2 2 0 4.05707 0.07 217895 0.0939678 0.0856503 0.0939678 0.0856503 1.01232 0 0.997898 0 
2 2 0 4.06675 0.07 217895 0.0964652 0.0856504 0.0964652 0.0856504 1.01379 0 0.997898 0 
2 2 0 4.07649 0.07 217895 0.0987519 0.0856505 0.0987519 0.0856505 1.01512 0 0.997899 0 
2 2 0 4.08626 0.07 217895 0.100876 0.0856506 0.100876 0.0856506 1.01636 0 0.997899 0 
2 2 0 4.09606 0.07 217895 0.102866 0.0856507 0.102866 0.0856507 1.01752 0 0.997899 0 
2 2 0 4.10588 0.07 217895 0.104746 0.0856509 0.104746 0.0856509 1.01861 0 0.9979 0 
2 2 0 4.11572 0.07 217895 0.106533 0.085651 0.106533 0.085651 1.01965 0 0.9979 0 
2 2 0 4.12557 0.07 217895 0.10824 0.0856512 0.10824 0.0856512 1.02064 0 0.9979 0 
2 2 0 4.13544 0.07 217895 0.109875 0.0856514 0.109875 0.0856514 1.02159 0 0.997901 0 
2 2 0 4.14532 0.07 217895 0.111448 0.0856516 0.111448 0.0856516 1.02251 0 0.997901 0 
2 2 0 4.1552 0.07 217895 0.112965 0.0856518 0.112965 0.0856518 1.02339 0 0.997901 0 
2 2 0 4.16509 0.07 217895 0.114432 0.0856521 0.114432 0.0856521 1.02425 0 0.997902 0 
2 2 0 4.17499 0.07 217895 0.115852 0.0856523 0.115852 0.0856523 1.02508 0 0.997902 0 
2 2 0 4.1849 0.07 217895 0.117231 0.0856526 0.117231 0.0856526 1.02589 0 0.997903 0 
2 2 0 4.19481 0.07 217895 0.11857 0.0856529 0.11857 0.0856529 1.02667 0 0.997904 0 
2 2 0 4.20472 0.07 217895 0.119874 0.0856533 0.119874 0.0856533 1.02744 0 0.997904 0 
2 2 0 4.21464 0.07 217895 0.121145 0.0856536 0.121145 0.0856536 1.02819 0 0.997905 0 
2 2 0 4.22456 0.07 217895 0.122385 0.085654 0.122385 0.085654 1.02893 0 0.997905 0 
2 2 0 4.23449 0.07 217895 0.123596 0.0856544 0.123596 0.0856544 1.02964 0 0.997906 0 
2 2 0 4.24442 0.07 217895 0.12478 0.0856549 0.12478 0.0856549 1.03035 0 0.997907 0 
2 2 0 4.25435 0.07 217895 0.125939 0.0856554 0.125939 0.0856554 1.03104 0 0.997907 0 
2 2 0 4.26429 0.07 217895 0.127073 0.0856559 0.127073 0.0856559 1.03172 0 0.997908 0 
2 2 0 4.27422 0.07 217895 0.128185 0.0856564 0.128185 0.0856564 1.03238 0 0.997909 0 
2 2 0 4.28417 0.07 217895 0.129275 0.085657 0.129275 0.085657 1.03304 0 0.99791 0 
2 2 0 4.29411 0.07 217895 0.130344 0.0856576 0.130344 0.0856576 1.03368 0 0.997911 0 
2 2 0 4.30405 0.07 217895 0.131394 0.0856582 0.131394 0.0856582 1.03432 0 0.997912 0 
2 2 0 4.314 0.07 217895 0.132425 0.0856589 0.132425 0.0856589 1.03495 0 0.997913 0 
2 2 0 4.32395 0.07 217895 0.133439 0.0856596 0.133439 0.0856596 1.03557 0 0.997914 0 
2 2 0 4.3339 0.07 217895 0.134436 0.0856603 0.134436 0.0856603 1.03618 0 0.997915 0 
2 2 0 4.34385 0.07 217895 0.135416 0.0856611 0.135416 0.0856611 1.03678 0 0.997916 0 
2 2 0 4.3538 0.07 217895 0.136381 0.0856619 0.136381 0.0856619 1.03737 0 0.997917 0 
2 2 0 4.36376 0.07 217895 0.137331 0.0856628 0.137331 0.0856628 1.03796 0 0.997918 0 
2 2 0 4.37371 0.07 217895 0.138266 0.0856637 0.138266 0.0856637 1.03854 0 0.997919 0 
2 2 0 4.38367 0.07 217895 0.139188 0.0856646 0.139188 0.0856646 1.03912 0 0.99792 0 
2 2 0 4.39363 0.07 217895 0.140096 0.0856656 0.140096 0.0856656 1.03968 0 0.997922 0 
2 2 0 4.40359 0.07 217895 0.140991 0.0856666 0.140991 0.0856666 1.04025 0 0.997923 0 
2 2 0 4.41355 0.07 217895 0.141874 0.0856677 0.141874 0.0856677 1.0408 0 0.997924 0 
2 2 0 4.42351 0.07 217895 0.142746 0.0856688 0.142746 0.0856688 1.04136 0 0.997926 0 
2 2 0 4.43348 0.07 217895 0.143605 0.0856699 0.143605 0.0856699 1.0419 0 0.997927 0 
2 2 0 4.44344 0.07 217895 0.144453 0.0856711 0.144453 0.0856711 1.04244 0 0.997929 0 
2 2 0 4.4534 0.07 217895 0.145291 0.0856724 0.145291 0.0856724 1.04298 0 0.99793 0 
2 2 0 4.46337 0.07 217895 0.146118 0.0856737 0.146118 0.0856737 1.04351 0 0.997932 0 
2 2 0 4.47334 0.07 217895 0.146935 0.0856751 0.146935 0.0856751 1.04404 0 0.997933 0 
2 2 0 4.4833 0.07 217895 0.147742 0.0856765 0.147742 0.0856765 1.04456 0 0.997935 0 
2 2 0 4.49327 0.07 217895 0.148539 0.0856779 0.148539 0.0856779 1.04508 0 0.997937 0 
2 2 0 4.50324 0.07 217895 0.149327 0.0856795 0.149327 0.0856795 1.0456 0 0.997938 0 
2 2 0 4.51321 0.07 217895 0.150107 0.085681 0.150107 0.085681 1.04611 0 0.99794 0 
2 2 0 4.52318 0.07 217895 0.150877 0.0856827 0.150877 0.0856827 1.04661 0 0.997942 0 
2 2 0 4.53315 0.07 217895 0.151639 0.0856843 0.151639 0.0856843 1.04712 0 0.997944 0 
2 2 0 4.54312 0.07 217895 0.152392 0.0856861 0.152392 0.0856861 1.04762 0 0.997946 0 
2 2 0 4.5531 0.07 217895 0.153138 0.0856879 0.153138 0.0856879 1.04812 0 0.997948 0 
2 2 0 4.56307 0.07 217895 0.153876 0.0856898 0.153876 0.0856898 1.04861 0 0.99795 0 
2 2 0 4.57304 0.07 217895 0.154606 0.0856917 0.154606 0.0856917 1.0491 0 0.997952 0 
2 2 0 4.58302 0.07 217895 0.155328 0.0856937 0.155328 0.0856937 1.04959 0 0.997954 0 
2 2 0 4.59299 0.07 217895 0.156044 0.0856957 0.156044 0.0856957 1.05007 0 0.997957 0 
2 2 0 4.60297 0.07 217895 0.156752 0.0856978 0.156752 0.0856978 1.05056 0 0.997959 0 
2 2 0 4.61294 0.07 217895 0.157453 0.0857 0.157453 0.0857 1.05104 0 0.997961 0 
2 2 0 4.62292 0.07 217895 0.158148 0.0857023 0.158148 0.0857023 1.05151 0 0.997964 0 
2 2 0 4.63289 0.07 217895 0.158836 0.0857046 0.158836 0.0857046 1.05199 0 0.997966 0 
2 2 0 4.64287 0.07 217895 0.159518 0.085707 0.159518 0.085707 1.05246 0 0.997968 0 
2 2 0 4.65285 0.07 217895 0.160194 0.0857094 0.160194 0.0857094 1.05293 0 0.997971 0 
2 2 0 4.66282 0.07 217895 0.160863 0.0857119 0.160863 0.0857119 1.05339 0 0.997974 0 
2 2 0 4.6728 0.07 217895 0.161526 0.0857145 0.161526 0.0857145 1.05386 0 0.997976 0 
2 2 0 4.68278 0.07 217895 0.162184 0.0857172 0.162184 0.0857172 1.05432 0 0.997979 0 
2 2 0 4.69276 0.07 217895 0.162836 0.08572 0.162836 0.08572 1.05478 0 0.997982 0 
2 2 0 4.70274 0.07 217895 0.163482 0.0857228 0.163482 0.0857228 1.05524 0 0.997985 0 
2 2 0 4.71272 0.07 217895 0.164123 0.0857257 0.164123 0.0857257 1.05569 0 0.997988 0 
2 2 0 4.7227 0.07 217895 0.164759 0.0857287 0.164759 0.0857287 1.05615 0 0.997991 0 
2 2 0 4.73268 0.07 217895 0.16539 0.0857317 0.16539 0.0857317 1.0566 0 0.997994 0 
2 2 0 4.74266 0.07 217895 0.166015 0.0857349 0.166015 0.0857349 1.05705 0 0.997997 0 
2 2 0 4.75264 0.07 217895 0.166636 0.0857381 0.166636 0.0857381 1.0575 0 0.998 0 
2 2 0 4.76262 0.07 217895 0.167251 0.0857414 0.167251 0.0857414 1.05794 0 0.998003 0 
2 2 0 4.7726 0.07 217895 0.167862 0.0857448 0.167862 0.0857448 1.05839 0 0.998006 0 
2 2 0 4.78258 0.07 217895 0.168468 0.0857482 0.168468 0.0857482 1.05883 0 0.99801 0 
2 2 0 4.79256 0.07 217895 0.16907 0.0857518 0.16907 0.0857518 1.05927 0 0.998013 0 
2 2 0 4.80255 0.07 217895 0.169667 0.0857554 0.169667 0.0857554 1.05971 0 0.998017 0 
2 2 0 4.81253 0.07 217895 0.17026 0.0857591 0.17026 0.0857591 1.06015 0 0.99802 0 
2 2 0 4.82251 0.07 217895 0.170849 0.085763 0.170849 0.085763 1.06059 0 0.998024 0 
2 2 0 4.83249 0.07 217895 0.171434 0.0857669 0.171434 0.0857669 1.06102 0 0.998027 0 
2 2 0 4.84248 0.07 217895 0.172014 0.0857709 0.172014 0.0857709 1.06146 0 0.998031 0 
2 2 0 4.85246 0.07 217895 0.172591 0.085775 0.172591 0.085775 1.06189 0 0.998035 0 
2 2 0 4.86245 0.07 217895 0.173163 0.0857792 0.173163 0.0857792 1.06232 0 0.998039 0 
2 2 0 4.87243 0.07 217895 0.173732 0.0857835 0.173732 0.0857835 1.06275 0 0.998043 0 
2 2 0 4.88241 0.07 217895 0.174297 0.0857879 0.174297 0.0857879 1.06318 0 0.998047 0 
2 2 0 4.8924 0.07 217895 0.174859 0.0857923 0.174859 0.0857923 1.0636 0 0.998051 0 
2 2 0 4.90238 0.07 217895 0.175416 0.0857969 0.175416 0.0857969 1.06403 0 0.998055 0 
2 2 0 4.91237 0.07 217895 0.175971 0.0858016 0.175971 0.0858016 1.06445 0 0.998059 0 
2 2 0 4.92235 0.07 217895 0.176522 0.0858064 0.176522 0.0858064 1.06487 0 0.998064 0 
2 2 0 4.93234 0.07 217895 0.177069 0.0858113 0.177069 0.0858113 1.0653 0 0.998068 0 
2 2 0 4.94232 0.07 217895 0.177614 0.0858163 0.177614 0.0858163 1.06572 0 0.998072 0 
2 2 0 4.95231 0.07 217895 0.178155 0.0858214 0.178155 0.0858214 1.06614 0 0.998077 0 
2 2 0 4.96229 0.07 217895 0.178693 0.0858267 0.178693 0.0858267 1.06656 0 0.998081 0 
2 2 0 4.97228 0.07 217895 0.179228 0.085832 0.179228 0.085832 1.06697 0 0.998086 0 
2 2 0 4.98226 0.07 217895 0.17976 0.0858374 0.17976 0.0858374 1.06739 0 0.998091 0 
2 2 0 4.99225 0.07 217895 0.180289 0.085843 0.180289 0.085843 1.0678 0 0.998096 0 
2 2 0 5.00224 0.07 217895 0.180815 0.0858487 0.180815 0.0858487 1.06822 0 0.998101 0 
2 2 0 4.0217 0.07 217895 0.0797245 0.0856501 0.0797245 0.0856501 1.06822 0 0.998101 0 
2 2 0 3.93913 0.07 217895 -9.42302e-08 0.08565 -9.42302e-08 0.08565 1.06822 0 0.998101 0 
2 2 0 3.93917 0.07 217895 -9.42302e-08 0.08565 -9.42302e-08 0.08565 1.06822 0 0.998101 0 
2 1 0 5 0.07 0 0.872232 0.121702 0.872232 0.121702 1.06822 0 0.998101 0 
1 1 0 4.99801 0.07 0 0.872053 0.121702 0.872053 0.121702 0.966971 0 0.997897 0 
1 1 0 4.99602 0.07 0 0.871875 0.121702 0.871875 0.121702 0.967004 0 0.997897 0 
1 1 0 4.99203 0.07 0 0.871518 0.121702 0.871518 0.121702 0.967072 0 0.997897 0 
1 1 0 4.98406 0.07 0 0.8708 0.121702 0.8708 0.121702 0.967207 0 0.997897 0 
1 1 0 4.97411 0.07 0 0.869895 0.121702 0.869895 0.121702 0.967377 0 0.997897 0 
1 1 0 4.96415 0.07 0 0.868983 0.121702 0.868983 0.121702 0.967548 0 0.997897 0 
1 1 0 4.95419 0.07 0 0.868062 0.121701 0.868062 0.121701 0.96772 0 0.997897 0 
1 1 0 4.94423 0.07 0 0.867133 0.121701 0.867133 0.121701 0.967893 0 0.997897 0 
1 1 0 4.93428 0.07 0 0.866195 0.121701 0.866195 0.121701 0.968068 0 0.997897 0 
1 1 0 4.92432 0.07 0 0.865249 0.121701 0.865249 0.121701 0.968244 0 0.997897 0 
1 1 0 4.91437 0.07 0 0.864294 0.121701 0.864294 0.121701 0.968421 0 0.997897 0 
1 1 0 4.90441 0.07 0 0.86333 0.121701 0.86333 0.121701 0.968599 0 0.997897 0 
1 1 0 4.89446 0.07 0 0.862357 0.121701 0.862357 0.121701 0.968778 0 0.997897 0 
1 1 0 4.88451 0.07 0 0.861376 0.121701 0.861376 0.121701 0.968959 0 0.997897 0 
1 1 0 4.87456 0.07 0 0.860385 0.121701 0.860385 0.121701 0.969141 0 0.997897 0 
1 1 0 4.86461 0.07 0 0.859384 0.121701 0.859384 0.121701 0.969324 0 0.997897 0 
1 1 0 4.85466 0.07 0 0.858374 0.121701 0.858374 0.121701 0.969508 0 0.997897 0 
1 1 0 4.84471 0.07 0 0.857355 0.121701 0.857355 0.121701 0.969694 0 0.997897 0 
1 1 0 4.83477 0.07 0 0.856326 0.121701 0.856326 0.121701 0.969881 0 0.997897 0 
1 1 0 4.82482 0.07 0 0.855287 0.121701 0.855287 0.121701 0.97007 0 0.997897 0 
1 1 0 4.81487 0.07 0 0.854238 0.121701 0.854238 0.121701 0.970259 0 0.997897 0 
1 1 0 4.80493 0.07 0 0.853179 0.121701 0.853179 0.121701 0.970451 0 0.997897 0 
1 1 0 4.79499 0.07 0 0.852109 0.121701 0.852109 0.121701 0.970643 0 0.997897 0 
1 1 0 4.78505 0.07 0 0.851029 0.121701 0.851029 0.121701 0.970837 0 0.997897 0 
1 1 0 4.77511 0.07 0 0.849938 0.121701 0.849938 0.121701 0.971033 0 0.997897 0 
1 1 0 4.76517 0.07 0 0.848837 0.121701 0.848837 0.121701 0.97123 0 0.997897 0 
1 1 0 4.75523 0.07 0 0.847724 0.121701 0.847724 0.121701 0.971428 0 0.997897 0 
1 1 0 4.74529 0.07 0 0.8466 0.121701 0.8466 0.121701 0.971628 0 0.997897 0 
1 1 0 4.73536 0.07 0 0.845465 0.121701 0.845465 0.121701 0.97183 0 0.997897 0 
1 1 0 4.72542 0.07 0 0.844318 0.121701 0.844318 0.121701 0.972033 0 0.997897 0 
1 1 0 4.71549 0.07 0 0.84316 0.121701 0.84316 0.121701 0.972238 0 0.997896 0 
1 1 0 4.70556 0.07 0 0.841989 0.121701 0.841989 0.121701 0.972444 0 0.997896 0 
1 1 0 4.69563 0.07 0 0.840807 0.121701 0.840807 0.121701 0.972652 0 0.997896 0 
1 1 0 4.6857 0.07 0 0.839611 0.121701 0.839611 0.121701 0.972862 0 0.997896 0 
1 1 0 4.67577 0.07 0 0.838404 0.121701 0.838404 0.121701 0.973074 0 0.997896 0 
1 1 0 4.66585 0.07 0 0.837183 0.121701 0.837183 0.121701 0.973287 0 0.997896 0 
1 1 0 4.65593 0.07 0 0.83595 0.121701 0.83595 0.121701 0.973502 0 0.997896 0 
1 1 0 4.646 0.07 0 0.834703 0.121701 0.834703 0.121701 0.973719 0 0.997896 0 
1 1 0 4.63608 0.07 0 0.833442 0.121701 0.833442 0.121701 0.973938 0 0.997896 0 
1 1 0 4.62616 0.07 0 0.832168 0.121701 0.832168 0.121701 0.974159 0 0.997896 0 
1 1 0 4.61625 0.07 0 0.830879 0.121701 0.830879 0.121701 0.974381 0 0.997896 0 
1 1 0 4.60633 0.07 0 0.829577 0.121701 0.829577 0.121701 0.974606 0 0.997896 0 
1 1 0 4.59642 0.07 0 0.828259 0.121701 0.828259 0.121701 0.974833 0 0.997896 0 
1 1 0 4.58651 0.07 0 0.826927 0.121701 0.826927 0.121701 0.975061 0 0.997896 0 
1 1 0 4.5766 0.07 0 0.825579 0.121701 0.825579 0.121701 0.975292 0 0.997896 0 
1 1 0 4.56669 0.07 0 0.824215 0.121701 0.824215 0.121701 0.975525 0 0.997896 0 
1 1 0 4.55679 0.07 0 0.822836 0.121701 0.822836 0.121701 0.97576 0 0.997896 0 
1 1 0 4.54689 0.07 0 0.82144 0.121701 0.82144 0.121701 0.975998 0 0.997896 0 
1 1 0 4.53699 0.07 0 0.820028 0.121701 0.820028 0.121701 0.976238 0 0.997896 0 
1 1 0 4.52709 0.07 0 0.818599 0.121701 0.818599 0.121701 0.97648 0 0.997896 0 
1 1 0 4.5172 0.07 0 0.817152 0.121701 0.817152 0.121701 0.976725 0 0.997896 0 
1 1 0 4.5073 0.07 0 0.815687 0.121701 0.815687 0.121701 0.976972 0 0.997896 0 
1 1 0 4.49741 0.07 0 0.814204 0.121701 0.814204 0.121701 0.977222 0 0.997896 0 
1 1 0 4.48753 0.07 0 0.812702 0.121701 0.812702 0.121701 0.977474 0 0.997896 0 
1 1 0 4.47764 0.07 0 0.811181 0.121701 0.811181 0.121701 0.977729 0 0.997896 0 
1 1 0 4.46776 0.07 0 0.809641 0.1217 0.809641 0.1217 0.977988 0 0.997896 0 
1 1 0 4.45789 0.07 0 0.80808 0.1217 0.80808 0.1217 0.978248 0 0.997896 0 
1 1 0 4.44801 0.07 0 0.806498 0.1217 0.806498 0.1217 0.978512 0 0.997896 0 
1 1 0 4.43814 0.07 0 0.804895 0.1217 0.804895 0.1217 0.978779 0 0.997896 0 
1 1 0 4.42827 0.07 0 0.803269 0.1217 0.803269 0.1217 0.979049 0 0.997896 0 
1 1 0 4.41841 0.07 0 0.801621 0.1217 0.801621 0.1217 0.979323 0 0.997896 0 
1 1 0 4.40855 0.07 0 0.79995 0.1217 0.79995 0.1217 0.9796 0 0.997896 0 
1 1 0 4.3987 0.07 0 0.798255 0.1217 0.798255 0.1217 0.97988 0 0.997896 0 
1 1 0 4.38884 0.07 0 0.796534 0.1217 0.796534 0.1217 0.980164 0 0.997896 0 
1 1 0 4.379 0.07 0 0.794788 0.1217 0.794788 0.1217 0.980452 0 0.997895 0 
1 1 0 4.36916 0.07 0 0.793016 0.1217 0.793016 0.1217 0.980744 0 0.997895 0 
1 1 0 4.35932 0.07 0 0.791216 0.1217 0.791216 0.1217 0.98104 0 0.997895 0 
1 1 0 4.34949 0.07 0 0.789387 0.1217 0.789387 0.1217 0.98134 0 0.997895 0 
1 1 0 4.33966 0.07 0 0.787529 0.1217 0.787529 0.1217 0.981644 0 0.997895 0 
1 1 0 4.32984 0.07 0 0.78564 0.1217 0.78564 0.1217 0.981953 0 0.997895 0 
1 1 0 4.32003 0.07 0 0.783719 0.1217 0.783719 0.1217 0.982268 0 0.997895 0 
1 1 0 4.31022 0.07 0 0.781765 0.1217 0.781765 0.1217 0.982587 0 0.997895 0 
1 1 0 4.30042 0.07 0 0.779777 0.1217 0.779777 0.1217 0.982911 0 0.997895 0 
1 1 0 4.29063 0.07 0 0.777752 0.121699 0.777752 0.121699 0.983241 0 0.997895 0 
1 1 0 4.28084 0.07 0 0.775689 0.121699 0.775689 0.121699 0.983577 0 0.997894 0 
1 1 0 4.27107 0.07 0 0.773586 0.121699 0.773586 0.121699 0.98392 0 0.997894 0 
1 1 0 4.2613 0.07 0 0.771441 0.121699 0.771441 0.121699 0.984269 0 0.997894 0 
1 1 0 4.25154 0.07 0 0.769252 0.121699 0.769252 0.121699 0.984625 0 0.997894 0 
1 1 0 4.24179 0.07 0 0.767017 0.121699 0.767017 0.121699 0.984988 0 0.997894 0 
1 1 0 4.23206 0.07 0 0.764732 0.121699 0.764732 0.121699 0.985359 0 0.997894 0 
1 1 0 4.22234 0.07 0 0.762395 0.121699 0.762395 0.121699 0.985739 0 0.997893 0 
1 1 0 4.21263 0.07 0 0.760002 0.121699 0.760002 0.121699 0.986129 0 0.997893 0 
1 1 0 4.20293 0.07 0 0.757549 0.121699 0.757549 0.121699 0.986528 0 0.997893 0 
1 1 0 4.19325 0.07 0 0.755032 0.121698 0.755032 0.121698 0.986937 0 0.997892 0 
1 1 0 4.18359 0.07 0 0.752446 0.121698 0.752446 0.121698 0.987359 0 0.997892 0 
1 1 0 4.17395 0.07 0 0.749786 0.121698 0.749786 0.121698 0.987793 0 0.997892 0 
1 1 0 4.16434 0.07 0 0.747044 0.121698 0.747044 0.121698 0.988241 0 0.997891 0 
1 1 0 4.15474 0.07 0 0.744212 0.121698 0.744212 0.121698 0.988705 0 0.99789 0 
1 1 0 4.14518 0.07 0 0.741283 0.121698 0.741283 0.121698 0.989186 0 0.99789 0 
1 1 0 4.13566 0.07 0 0.738243 0.121697 0.738243 0.121697 0.989686 0 0.997889 0 
1 1 0 4.12617 0.07 0 0.73508 0.121697 0.73508 0.121697 0.990209 0 0.997888 0 
1 1 0 4.11673 0.07 0 0.731778 0.121697 0.731778 0.121697 0.990756 0 0.997887 0 
1 1 0 4.10735 0.07 0 0.728315 0.121697 0.728315 0.121697 0.991334 0 0.997885 0 
1 1 0 4.09804 0.07 0 0.724664 0.121696 0.724664 0.121696 0.991946 0 0.997883 0 
1 1 0 4.08882 0.07 0 0.72079 0.121696 0.72079 0.121696 0.992601 0 0.99788 0 
1 1 0 4.07972 0.07 0 0.716644 0.121696 0.716644 0.121696 0.993308 0 0.997876 0 
1 1 0 4.07078 0.07 0 0.712154 0.121695 0.712154 0.121695 0.994083 0 0.99787 0 
1 1 0 4.06209 0.07 0 0.707216 0.121695 0.707216 0.121695 0.994949 0 0.997859 0 
1 1 0 4.05377 0.07 0 0.701658 0.121694 0.701658 0.121694 0.995952 0 0.997834 0 
1 1 0 4.04615 0.07 0 0.695184 0.121693 0.695184 0.121693 0.997266 0 0.99768 0 
1 1 0 4.04005 0.07 24765.5 0.687263 0.121692 0.687263 0.121692 0.998202 0.000253251 0.998202 -0.000253251 
2 1 0 4.0378 0.07 24765.5 0.678985 0.121691 0.678985 0.121691 1 0 0.997984 0 
2 1 0 4.04101 0.07 24765.5 0.669515 0.121689 0.669515 0.121689 1.00193 0 0.997951 0 
2 1 0 4.04803 0.07 24765.5 0.662394 0.121688 0.662394 0.121688 1.00344 0 0.997941 0 
2 1 0 4.05642 0.07 24765.5 0.656948 0.121686 0.656948 0.121686 1.00465 0 0.997937 0 
2 1 0 4.06538 0.07 24765.5 0.652518 0.121685 0.652518 0.121685 1.00566 0 0.997935 0 
2 1 0 4.07465 0.07 24765.5 0.648754 0.121684 0.648754 0.121684 1.00656 0 0.997934 0 
2 1 0 4.08409 0.07 24765.5 0.645465 0.121683 0.645465 0.121683 1.00737 0 0.997933 0 
2 1 0 4.09365 0.07 24765.5 0.642532 0.121682 0.642532 0.121682 1.00812 0 0.997932 0 
2 1 0 4.10329 0.07 24765.5 0.639878 0.121681 0.639878 0.121681 1.00881 0 0.997932 0 
2 1 0 4.11299 0.07 24765.5 0.637449 0.121681 0.637449 0.121681 1.00946 0 0.997931 0 
2 1 0 4.12274 0.07 24765.5 0.635207 0.12168 0.635207 0.12168 1.01008 0 0.997931 0 
2 1 0 4.13252 0.07 24765.5 0.633123 0.121679 0.633123 0.121679 1.01067 0 0.997931 0 
2 1 0 4.14233 0.07 24765.5 0.631174 0.121678 0.631174 0.121678 1.01124 0 0.997931 0 
2 1 0 4.15216 0.07 24765.5 0.629343 0.121678 0.629343 0.121678 1.01179 0 0.99793 0 
2 1 0 4.16201 0.07 24765.5 0.627616 0.121677 0.627616 0.121677 1.01231 0 0.99793 0 
2 1 0 4.17188 0.07 24765.5 0.625981 0.121676 0.625981 0.121676 1.01283 0 0.99793 0 
2 1 0 4.18176 0.07 24765.5 0.624428 0.121676 0.624428 0.121676 1.01332 0 0.99793 0 
2 1 0 4.19165 0.07 24765.5 0.622949 0.121675 0.622949 0.121675 1.01381 0 0.99793 0 
2 1 0 4.20155 0.07 24765.5 0.621538 0.121674 0.621538 0.121674 1.01428 0 0.99793 0 
2 1 0 4.21146 0.07 24765.5 0.620187 0.121674 0.620187 0.121674 1.01474 0 0.99793 0 
2 1 0 4.22137 0.07 24765.5 0.618893 0.121673 0.618893 0.121673 1.01519 0 0.99793 0 
2 1 0 4.2313 0.07 24765.5 0.617651 0.121672 0.617651 0.121672 1.01564 0 0.99793 0 
2 1 0 4.24122 0.07 24765.5 0.616456 0.121672 0.616456 0.121672 1.01607 0 0.99793 0 
2 1 0 4.25116 0.07 24765.5 0.615305 0.121671 0.615305 0.121671 1.0165 0 0.99793 0 
2 1 0 4.2611 0.07 24765.5 0.614196 0.121671 0.614196 0.121671 1.01692 0 0.99793 0 
2 1 0 4.27104 0.07 24765.5 0.613124 0.12167 0.613124 0.12167 1.01733 0 0.99793 0 
2 1 0 4.28099 0.07 24765.5 0.612089 0.12167 0.612089 0.12167 1.01774 0 0.99793 0 
2 1 0 4.29094 0.07 24765.5 0.611088 0.121669 0.611088 0.121669 1.01814 0 0.997931 0 
2 1 0 4.30089 0.07 24765.5 0.610117 0.121669 0.610117 0.121669 1.01854 0 0.997931 0 
2 1 0 4.31084 0.07 24765.5 0.609177 0.121668 0.609177 0.121668 1.01893 0 0.997931 0 
2 1 0 4.3208 0.07 24765.5 0.608265 0.121667 0.608265 0.121667 1.01932 0 0.997931 0 
2 1 0 4.33076 0.07 24765.5 0.607379 0.121667 0.607379 0.121667 1.0197 0 0.997931 0 
2 1 0 4.34073 0.07 24765.5 0.606519 0.121666 0.606519 0.121666 1.02008 0 0.997931 0 
2 1 0 4.35069 0.07 24765.5 0.605682 0.121666 0.605682 0.121666 1.02045 0 0.997931 0 
2 1 0 4.36066 0.07 24765.5 0.604868 0.121665 0.604868 0.121665 1.02082 0 0.997931 0 
2 1 0 4.37063 0.07 24765.5 0.604075 0.121665 0.604075 0.121665 1.02119 0 0.997931 0 
2 1 0 4.3806 0.07 24765.5 0.603303 0.121664 0.603303 0.121664 1.02155 0 0.997931 0 
2 1 0 4.39057 0.07 24765.5 0.602551 0.121664 0.602551 0.121664 1.02191 0 0.997931 0 
2 1 0 4.40054 0.07 24765.5 0.601817 0.121664 0.601817 0.121664 1.02227 0 0.997931 0 
2 1 0 4.41052 0.07 24765.5 0.601101 0.121663 0.601101 0.121663 1.02263 0 0.997931 0 
2 1 0 4.42049 0.07 24765.5 0.600402 0.121663 0.600402 0.121663 1.02298 0 0.997931 0 
2 1 0 4.43047 0.07 24765.5 0.59972 0.121662 0.59972 0.121662 1.02333 0 0.997931 0 
2 1 0 4.44045 0.07 24765.5 0.599053 0.121662 0.599053 0.121662 1.02367 0 0.997931 0 
2 1 0 4.45042 0.07 24765.5 0.598402 0.121661 0.598402 0.121661 1.02402 0 0.997931 0 
2 1 0 4.4604 0.07 24765.5 0.597764 0.121661 0.597764 0.121661 1.02436 0 0.997931 0 
2 1 0 4.47038 0.07 24765.5 0.597141 0.12166 0.597141 0.12166 1.0247 0 0.997931 0 
2 1 0 4.48037 0.07 24765.5 0.596531 0.12166 0.596531 0.12166 1.02504 0 0.997932 0 
2 1 0 4.49035 0.07 24765.5 0.595934 0.12166 0.595934 0.12166 1.02538 0 0.997932 0 
2 1 0 4.50033 0.07 24765.5 0.595349 0.121659 0.595349 0.121659 1.02571 0 0.997932 0 
2 1 0 4.51031 0.07 24765.5 0.594777 0.121659 0.594777 0.121659 1.02604 0 0.997932 0 
2 1 0 4.5203 0.07 24765.5 0.594216 0.121658 0.594216 0.121658 1.02637 0 0.997932 0 
2 1 0 4.53028 0.07 24765.5 0.593666 0.121658 0.593666 0.121658 1.0267 0 0.997932 0 
2 1 0 4.54027 0.07 24765.5 0.593126 0.121657 0.593126 0.121657 1.02703 0 0.997932 0 
2 1 0 4.55026 0.07 24765.5 0.592598 0.121657 0.592598 0.121657 1.02735 0 0.997932 0 
2 1 0 4.56024 0.07 24765.5 0.592079 0.121657 0.592079 0.121657 1.02768 0 0.997932 0 
2 1 0 4.57023 0.07 24765.5 0.59157 0.121656 0.59157 0.121656 1.028 0 0.997932 0 
2 1 0 4.58022 0.07 24765.5 0.59107 0.121656 0.59107 0.121656 1.02832 0 0.997932 0 
2 1 0 4.5902 0.07 24765.5 0.59058 0.121655 0.59058 0.121655 1.02864 0 0.997932 0 
2 1 0 4.60019 0.07 24765.5 0.590098 0.121655 0.590098 0.121655 1.02896 0 0.997932 0 
2 1 0 4.61018 0.07 24765.5 0.589625 0.121655 0.589625 0.121655 1.02927 0 0.997932 0 
2 1 0 4.62017 0.07 24765.5 0.58916 0.121654 0.58916 0.121654 1.02959 0 0.997932 0 
2 1 0 4.63016 0.07 24765.5 0.588704 0.121654 0.588704 0.121654 1.0299 0 0.997932 0 
2 1 0 4.64015 0.07 24765.5 0.588255 0.121654 0.588255 0.121654 1.03022 0 0.997932 0 
2 1 0 4.65014 0.07 24765.5 0.587814 0.121653 0.587814 0.121653 1.03053 0 0.997932 0 
2 1 0 4.66013 0.07 24765.5 0.58738 0.121653 0.58738 0.121653 1.03084 0 0.997932 0 
2 1 0 4.67012 0.07 24765.5 0.586954 0.121652 0.586954 0.121652 1.03115 0 0.997932 0 
2 1 0 4.68011 0.07 24765.5 0.586534 0.121652 0.586534 0.121652 1.03146 0 0.997933 0 
2 1 0 4.6901 0.07 24765.5 0.586121 0.121652 0.586121 0.121652 1.03177 0 0.997933 0 
2 1 0 4.7001 0.07 24765.5 0.585715 0.121651 0.585715 0.121651 1.03208 0 0.997933 0 
2 1 0 4.71009 0.07 24765.5 0.585315 0.121651 0.585315 0.121651 1.03238 0 0.997933 0 
2 1 0 4.72008 0.07 24765.5 0.584922 0.121651 0.584922 0.121651 1.03269 0 0.997933 0 
2 1 0 4.73007 0.07 24765.5 0.584535 0.12165 0.584535 0.12165 1.03299 0 0.997933 0 
2 1 0 4.74007 0.07 24765.5 0.584153 0.12165 0.584153 0.12165 1.03329 0 0.997933 0 
2 1 0 4.75006 0.07 24765.5 0.583778 0.12165 0.583778 0.12165 1.0336 0 0.997933 0 
2 1 0 4.76005 0.07 24765.5 0.583408 0.121649 0.583408 0.121649 1.0339 0 0.997933 0 
2 1 0 4.77005 0.07 24765.5 0.583044 0.121649 0.583044 0.121649 1.0342 0 0.997933 0 
2 1 0 4.78004 0.07 24765.5 0.582685 0.121649 0.582685 0.121649 1.0345 0 0.997933 0 
2 1 0 4.79003 0.07 24765.5 0.582331 0.121648 0.582331 0.121648 1.0348 0 0.997933 0 
2 1 0 4.80003 0.07 24765.5 0.581982 0.121648 0.581982 0.121648 1.0351 0 0.997933 0 
2 1 0 4.81002 0.07 24765.5 0.581639 0.121648 0.581639 0.121648 1.0354 0 0.997933 0 
2 1 0 4.82002 0.07 24765.5 0.5813 0.121647 0.5813 0.121647 1.03569 0 0.997933 0 
2 1 0 4.83001 0.07 24765.5 0.580966 0.121647 0.580966 0.121647 1.03599 0 0.997933 0 
2 1 0 4.84 0.07 24765.5 0.580637 0.121647 0.580637 0.121647 1.03629 0 0.997933 0 
2 1 0 4.85 0.07 24765.5 0.580312 0.121646 0.580312 0.121646 1.03658 0 0.997933 0 
2 1 0 4.85999 0.07 24765.5 0.579992 0.121646 0.579992 0.121646 1.03688 0 0.997933 0 
2 1 0 4.86999 0.07 24765.5 0.579676 0.121646 0.579676 0.121646 1.03717 0 0.997933 0 
2 1 0 4.87998 0.07 24765.5 0.579364 0.121646 0.579364 0.121646 1.03746 0 0.997933 0 
2 1 0 4.88998 0.07 24765.5 0.579057 0.121645 0.579057 0.121645 1.03776 0 0.997933 0 
2 1 0 4.89997 0.07 24765.5 0.578754 0.121645 0.578754 0.121645 1.03805 0 0.997933 0 
2 1 0 4.90997 0.07 24765.5 0.578454 0.121645 0.578454 0.121645 1.03834 0 0.997933 0 
2 1 0 4.91997 0.07 24765.5 0.578159 0.121644 0.578159 0.121644 1.03863 0 0.997933 0 
2 1 0 4.92996 0.07 24765.5 0.577867 0.121644 0.577867 0.121644 1.03892 0 0.997933 0 
2 1 0 4.93996 0.07 24765.5 0.577579 0.121644 0.577579 0.121644 1.03921 0 0.997933 0 
2 1 0 4.94995 0.07 24765.5 0.577295 0.121643 0.577295 0.121643 1.0395 0 0.997933 0 
2 1 0 4.95995 0.07 24765.5 0.577014 0.121643 0.577014 0.121643 1.03979 0 0.997933 0 
2 1 0 4.96995 0.07 24765.5 0.576737 0.121643 0.576737 0.121643 1.04008 0 0.997933 0 
2 1 0 4.97994 0.07 24765.5 0.576464 0.121643 0.576464 0.121643 1.04037 0 0.997934 0 
2 1 0 4.98994 0.07 24765.5 0.576193 0.121642 0.576193 0.121642 1.04066 0 0.997934 0 
2 1 0 4.99993 0.07 24765.5 0.575926 0.121642 0.575926 0.121642 1.04095 0 0.997934 0 
2 1 0 5.00993 0.07 24765.5 0.575663 0.121642 0.575663 0.121642 1.04123 0 0.997934 0 
